10000001111001110000110010001001 11010011111101011100010111110101 00000110000101
00110101101101111000101001000100 11010000010100000001001110000100 00001100111110
01011010111100011011100000101110 01110110100100000000111010010001 00010011001000
10010000111110111100000011011100 01000101110101011110000010000011 00010110110010
10110111100110110001101001111111 01000001000101010010110001010101 00011011101010
00100101010000000011101111101001 11001100001110001011001001000111 00100010110010
10110010001001100100010001100101 00111100111010010011110100010011 00101001000100
01000010010000100011010111000001 01110111011010000010100110101111 00101010111101
00011001101010100010011111000001 00101110011110010101110001000011 00101110110110
01011000000111011011111111100101 11111101110100001001011000000111 00111000010101
00100010111000001001001010010010 00110101101010000001111110100111 00111011101000
11110110001011100111000110001101 01010010110010001001101101001001 01000010010100
00100000010111101100100101010111 01001000101111000101010111101110 01001000100101
10010111110000101001001110011010 00011110100100011010101000101001 01001101010111
01110100011101000000111001110111 00011101110110011110101110111101 01010100110110
11001010101101001000010111111110 00100011000100010011110000101111 01011110011000
11011110010000001001001111111111 10100100111111100010000101110101 00000111110100
01100100011111010101111000110111 00101110011110100100110011111110 00001100000110
00001011101011000011101100111110 01100011010111100100011010000011 00001111111100
01111100101011010000111100100001 10000010010100000111001101111001 00010100011011
00011000000010100010000000001000 01000110100011100111010010110010 00011011001011
11100000110011000011100110001100 00001100001000101010110100110100 00100100010101
00111010101000000001100001010011 01110011101010100101101101100011 00100110101011
00101000000101000001111100100000 10111101000101011111011110110111 00101110110000
11110100101011010100111100010011 01101001110110000010000000101010 00110010101100
01100111001001111100110101010001 00111110101111110011000000110010 00111000101001
10111111111110000111010110011111 00001000000000000101000101101000 01000000110011
01001010001000111110000010100100 11101111100100101111000000100001 01000111011010
01110010111101101001000010001000 00011001110100101101110111011101 01001011111001
10101010001110101011111100111011 00110100011000110000110001110010 01010010000010
00010111101001111100000111001000 00101010001100111111000001111100 01010110000100
11010101101001001110010010011001 00110001000010011110100001011111 01011100000001
10000101110100110011001011110101 10111110101110011101001001011110 00000110001010
00101100101100010011000010001111 11001100010010100111111100001001 00001101100110
10011101111111001110110000000110 11001110000110101110000110010101 00010100010011
01110110110111110000001011101001 00001001111010100111000000110001 00011010110001
01111110101111011001011001010000 11001001011100001111110101110011 00011111010011
00001100101111000001001011001100 01111110000010111111111000010000 00101010011110
10111001001011011101000010111000 10110000100011100100100001110000 00101111011000
01000000111110110001111101001110 11001100111110111110000110111110 00110110010110
01101110010001101100010010111001 11100000110001100010011000101011 00111110110100
00111000000100101000111001101001 10000010011011011011110101011111 01000010010010
00010100000000101000011101101101 00101101000101001100110010010101 01000100101010
00110000001100111010101101100010 11100011011011111000110111111110 01001011010011
11000000011101110101101010011101 10101111111111011101010111011111 01010000100111
11001101101101000101001000100010 01010101011000101111110001011011 01010111010100
01011101110101001001101110010001 01000000000001011010100111011100 01011100011001
11110110011011011101100001101101 10011111101000101000101110000010 01100000000111
11000100000111000100100011100110 01101100011001101111111010011110 00000110100000
00111111001001111110001101100000 01111101111010010001101001011000 00001101110001
01010000101111011011000001000010 00110011101101111000001011110001 00010001110001
01100111000000000010111011101010 00110000011111011101011001011110 00011001011001
11011001011001000001110100110011 10010101100110111110001100010111 00011110110110
01111010100111000001110001101111 10111110001000000000011111001110 00100011101010
01110010101000111110011001001111 00110010111010111100100110001000 00100111001000
11000100100011000111011111010111 10010101011001111110111010010010 00101011011000
10011110011110000000110110010100 11100011001001001000110111110001 00110001001110
11101011000000101110101110010011 10001101001010100001101001001000 00110111110000
10010000110011001111111110101010 10010100111100111101101010000010 00111001101000
10000101110101000100010010101101 00100001010101011001110000101001 01000000100111
10101000100011000111111100011111 01111101100111010000000100001001 01000011110111
10011101111011100100111010001110 10110010010010110111111000111100 01001000110001
10001101101110001010110100100000 00101100101001111001101111100001 01001101110110
10101111110001010111001101111100 00010011010001001110110100111001 01010101010000
10100000011111000001101100010111 10001010011101011101110101001010 00000100010010
00100111110001101011110010100011 00101000010101010111110100010110 00001001010000
00000101111011110011101100101010 10101000101011011011100010001101 00010000010101
11010101111110010111100011001001 00100101111100110011010110000111 00010101010000
10011010001000010001110011001111 11011010000000110100001110000110 00011000011110
10110000010110000001111100001100 11000111101110011000101011010011 00011111001000
11111110100110110110100111110101 00000101101000001100111000001111 00101000010001
11111110100101100001001111111001 01101110010001010100010111000100 00101101011001
10010101001100110001111101100001 00000010011101101110101111000011 00110101011101
01110001010011110011010001000000 10101100101001100011000100111000 00110111111010
00000010001000001000111100101010 11011011100011011011001000110100 00111101101101
00101110001101101111110111101011 11101001011101000001010101011000 01000111100001
01100111100000000110010110110011 01100011011010101101011000000011 01001100011100
01010101110000111101010000010010 10101010111110000110111110101000 01010010100001
00001110011100111101111100110100 10101000100011101111011101111000 01010110110010
01100000000111010111011100101011 00110000101101001101111111010000 01011110000110
00001000001001000111010100111000 01100110111011000011000101100101 00000110010111
00000010001000010011111011001110 10011111111001010101011011001101 00001100010001
10100110011001111010111011001010 01110110000110110101010000011010 00010010010111
10100100000111110011111100000110 00100101000001100000110110111101 00011000011000
11111000010111110110010110001011 10111011101000001011110001100101 00011100010011
10010011111010010110000001111010 10000101100111100000110100101011 00100000001110
10011000100100110101010100110010 01011110011100001101110110001010 00100101001011
10000011101101011010110000111100 10110110111100100110000001100100 00101000101111
11111010100111000000100100100101 11001000100101110010011001001000 00101010100110
11001101111001010000010010000111 01001000000100111101101110011010 00110011100111
01111111110111000111110101100111 00110111011101100001101100010000 00111001001110
01100010101001100100011010110110 01010110111010000101001100110001 00111100101110
01111000010101000011101001011001 10000101011001000110111100100010 00111110110111
10000101100000010010001001000100 11111111011101111111111001001100 01000100011111
11011011011100001001010100100000 00100100000110011000110101110001 01001010000110
11011001000110010001001100100110 00101001110010000101011000001110 01010001000000
01011101001111010110001000001101 10111001010111101110100000011100 00000100010010
00101101010101111110101001000110 00011111111101101111110010110100 00001000111111
01111001000001000110110010010111 01101110011100000110001000110011 00001100100100
00000010111001000101001010001010 00010101100100110011111000011100 00010000001010
01011100010111001111000111100111 01111100011111111000110011100001 00010010111000
11000100100100110000110001011011 10110011111111110110100101110110 00010110101101
01100101011111111011110000001011 01110111001000010110010111111100 00011101100101
10101101101000001100011101110010 00101001010100110110010101011011 00100010101111
00100010000101101011111100111110 01101010110001100010110010110101 00101010110001
00011111011111101100011000101111 10110010001010110000000000010100 00110001111000
01001101101101111010101100000111 11101101010011011001010100101100 00110110111101
11000101100010110010110010010110 00010100000101110011100010101101 00111100000101
01001111001011111011110111100111 10101101111000111100001110011110 01000001100110
00111101011101110001001101111011 11110111100101111001001010011010 01000111011110
00001111101001100000011000010101 00010101000000011000000110001100 01001101111011
01010110011000011001000010000001 11000110110011111100100010110011 01010011000011
10100111011111100101100001001001 00110000001001010000111000111100 00000100100111
10011000000111100110100111011100 10000100101010110000100110011100 00001001101000
11001011111001000001110010110100 10100011101100111010000110100011 00001101010111
11100010010010111110101101101111 11011101011011111001000101111110 00001111101001
00000101110000000011111101001110 11000111101001010001011000010110 00010100100111
10111011111101010001001011011010 11110100101100000010111011101110 00010111010101
10111100010100000011011100010011 11011101101000110000111000111100 00011010011011
01101001111001010101010100001011 01000000011101001001001001000011 00011110101010
01100111100000010100100101011111 00010010100010111001100010000010 00100001111011
10100001100110010000011111011111 10001111111000100000111110001100 00100100110001
10010100010011011101111000000111 00001110000111001111100100101000 00101000100100
01111011000000111110100100001101 10001001000010100001010011001001 00101111001010
01011111000000100111101111000000 11011110100001100110111100100011 00110101110110
01000010100100111011001111011101 00100001011001101110001101110110 00111001011011
00001011010010110001101001001010 11111010011101101110100110001000 01000010000010
10001101111010010111101010101000 10111000101010010100111101101111 01000101010001
10010001100001111111010110011000 01101110100110011011011110100111 00000010000010
11000101001101110101101011100101 00000011100011000010000001010000 00001001101000
01100001100110001110011100011110 00011111101010101001010111101000 00001111011000
11011111001000000101110011101010 00100111110110111101101001110001 00011001000010
00011011000110011101011000101011 00010101000111001110000101011100 00011010000111
00011001100001000101011111101100 01111000011011000111011110000111 00011110000011
10111010110011110110101010010101 10111000000110011000001100000000 00100011101001
10010101111110111010101011110101 11101111110110001111111001001001 00101001100110
01000101011111001101111000100110 11011111011000010001111010001110 00110001000011
11110101011110101111001011100111 00001010110001111110001000111011 00111000110111
10111111001011110110010111111001 11100000111011101001010101101101 00111111010011
01001010110010010101000000010001 00100101011011011111010010000101 01000101101100
10111010010000000100010010100001 10010010101000101101100100110010 01001011111010
00111001011000101011000110010011 11110110011011001000110011000000 01010000010011
00011000001100010100100111011100 01111001100010110010111111111001 01010100000101
01101010101011010101001001000110 10001101110101101100011111000001 01011001000001
11000000101101000011111001111111 10100001101010100001011111100000 00000010110001
10000100010001111101111110010100 01001010000101110100010001100000 00000111101010
00000110011111110101101100101010 01001001100111000001101110110111 00001100010111
00101100101010100010000000001110 00011011001111111101101100111100 00010001111100
11110001000111000111100011110111 10010110101111101000111001111100 00011000001010
11100011111011110101010101010110 00001111100000110110000111110010 00011111110010
00010010000101110000000001110001 00110111011101110001111001010111 00100010101111
11100011110100011111101111000100 11001001011010101111011110010100 00100101100100
10111110101111101110011001100101 01011000101000001010110000101010 00101001011101
11110001001101011011010110101011 10010111110000111000101100100010 00101111111000
10101000110101110000111110001110 11011011100101000001101010001100 00110001111011
11001111000011111010110000110001 01011111001100000001111110101011 00111000010011
11000101010100000101000011000011 01110110111100001100000100111010 00111111111100
11000101100110110000101111011101 00101011010011111010001011101000 01000110000100
10000100011011001110110111001100 11000110111000110010001011100100 01001100100000
11101110000101001100000111101001 01010101111100001111101001111110 01010100111001
10000100011000000111111001111000 00111010000111100100000000001010 00000100111000
00100000011101100100100011111111 10010001000111000100110110010010 00001001110101
10111100000000101101101010101110 10011001101101101100011100101101 00001111100000
00000000101001000110111110101001 00110111000001010010111111110000 00010100111101
01010010110010100001010101101000 00111010000001110111011100111011 00011010100111
10111110111001110111011010110110 11011000101011100110110000110101 00011110000101
00110000111101001000111011111111 10001000010010000111100110111111 00100011011110
01000000101001000011110010000101 10110100100000110100101001101110 00100110011000
10010110111101010101110100010100 10001111111000011010000100101010 00101000001101
10010100010000111110100000001100 10011001110100001010110010110000 00101101111111
00011000111011100011101001101110 10001010110000010000000011001011 00110010110101
01010001111100110000001101001100 11101000011111100011000110100110 00111001001001
11101101101101101010011000010010 11110101001111001000111001001000 00111100011001
10001001101101111001001000111000 00111101011100011111001100011110 01000000100110
00111000110000000100111110011110 11111010111000000110010111010110 01000101010110
10000011000000001000101111011011 00000110001110110100000000001110 01001100100110
00100010001110101001011000010011 11111000000010000100001101100111 00000110101111
11010110010001110110001111000100 00011011010110101100011010101111 00001011110101
11011101001011100101000100101001 01100001011100100111110100101110 00001111100110
11111000010110100110100001001101 00001000011011001010111001001000 00010100110011
00010001000101110011111011001100 10000111111011111110100111001100 00011100101100
01000000010100011101100101000100 00110000101110001110101111100000 00100001010001
11000101000110010110010001011011 10100001010101000011010001101000 00100011101101
01101001000001010010100110001011 00101100001111001101001110010100 00101000010100
00011000100110100011000010011010 00000010111000110000110010001100 00101010100101
10010100111000011011100101011100 00100100111000101110011100000110 00101110011010
00010010001110101011101001101110 10100000000111100100110011010011 00110100010111
00011111011001011000100100110110 10000101001001010110100000110110 00110111011110
01101100001110001010010011100110 11011010000110011111011010101100 00111011110111
01100011000000011111111110100001 11000011101111111001100000001010 01000100010011
00111010001010000001101000001101 00010111010110000010110100011101 01000110001001
01100110010111110110100101010000 01110011110110010001101111100110 01001011110100
11000110001111100011010101100111 01100001011001110010010100001101 00000011111000
00000100011101101110100110111001 01111100010011010010001010001001 00001010010000
01010101110001010101100000110111 01101110000100000111011000110011 00001110000000
00110010100011000100110011011110 11100101010101101011111001010000 00010101101001
00010010100011010110100110101111 01100100000110011010101010111000 00011001111001
11111010011101011101010111000001 11000000100111111100111011001000 00011011101011
11010101101011000110101010011110 00000010011001110010101110011111 00100001000011
11000011001111000001111001100010 10001101111101100100111000101011 00100110011010
10111111011001110110110010011101 01010001111001001100110100010110 00101101101101
00001111010100011111110111000000 00100101110101100111010101101000 00110011101000
10011010101100010000001011001011 11101100000110001101000001100111 00111100000101
00011101000001001000111001000100 00110101011000001011110100010010 00111111011010
01000110101111110110001101001001 10011100110101101111001100000011 01000100011101
01101111000000111110000100101111 11101011001001011111110000110011 01000111011010
10001101100000110000100111110011 01010001000100010111110111011011 01001100010100
01101011100110001011111111110000 11001001011010111110000100110011 01010001111110
10101111001011011010100110000011 11010110111101001001001001111101 00000100001011
01111010010010010111101101111101 10101110000011001011010110011111 00000111011000
11001110001001101011101110011001 11000010010110000110000001110111 00001010010011
00100100101001101000011100011111 11111011000100111111101111100111 00010100111001
01011111011011100001001110010111 11000001110110101000110011111111 00011011101000
11101001000111001101100111101100 11010001101100110010101011101110 00100001001000
00010001000111011110001100001011 00100110100101001001110000010011 00100100100011
00011001110011011000001010010101 10000010001100010011111110000110 00101001111010
01000010000000110011110011011101 10101101101101001010110010101101 00110000110110
01000100011100011111111010010101 11011110011100011101010011001000 00110100101101
10100011010010101010000011110011 11011110011010100100010010111000 00111000011111
10111000100001111101010101101111 11000111110001111100110101111010 00111010000001
11010011110011101000100100000000 00001001110000111110000110111101 01000001101011
01011011101000110110001101101010 10001100001111101110010000101000 01000111000100
10000110000010101111110001001010 00111110110000110010110100010000 01001111001110
10000110100010000010011011100001 10011110101010111011011011101001 01010010100001
10111001011111101001100011101010 10010100100111001110111101101001 00000100011011
00011001100101010110001111101111 01001001110101100111110010000010 00001000010010
11110010110000110111100010010011 11001010111010111001101010001000 00001010001111
01001101010100101100101001110101 11000001000110010101000011101111 00010000110000
10111111000000010110101001000101 11010101100000011000101000011011 00010100010000
10001001011001111100111000011011 00111011100100110100101010000010 00011001110101
00111001001111000000001001100100 11001101011111001110011001100110 00100000101111
11011100111101110010011001110000 01100110100111110000110011000110 00100101101101
00000100100001111010110011001001 11110110011011110111110001010101 00101100011011
10100001010011010111010010000010 11101100110001010011100000111101 00110001011111
00100010100010101100111110111000 00000000101001101010010010011111 00110011100001
01111000110000100000011100101010 01000000101001101010100000111010 00110111100110
00100011110000001111001111010111 00011001100001000010111010110011 00111100010101
01100101000001000110011000110100 11010111010000011000110010000101 01000000111011
10001010010110101100101110100000 11010101100000000110111010101001 01000100010010
01101111101100001010001101000000 01110001101001010000011010011111 01001000011011
10101100111000101011110011111011 01010011000110000101001010001010 00000111111110
10011111111100100000011000010101 10001100000111110010011011010110 00001111000101
10001000110000100100101111000110 01110101111011000001101010011010 00010001011111
10001001101111010010110110100000 00101001010101101111101011010001 00011000100100
11111001101111000110110110001111 01110010001111001101111101111000 00011110110100
00011011100000111111111110110111 10000100000001101001001000000010 00100110111100
10110100101111100110011100011111 11110001011111111010110110101100 00101100001011
01110100100101001000011001110111 00100011100101100101111010110111 00101111000110
10000101101101001011011111001100 10111110000001000101010101001100 00110110010001
11010100101000100110010110100010 00010000101111100011111101010101 00111011100100
01010011101000100000101101110110 01100000111110011111001110010011 01000001001101
01000110000001101101010101010000 11110011100100011010111010111011 01001000010111
01110010011111100000001011110001 00011111000011100110001101001110 01001111011110
01001000100011001001111011011100 01011111000111011100011110001100 01010011011101
10001011101000011010010110001000 01001010101111111000100000000101 01010111011100
11011111001101111000111111110001 01111100110011011001011001010111 01011101110110
00000011101001010110000001110001 11001010101011001110010110111100 00000110011110
11101110100010000010110001001001 00011011001101101100010010100011 00001110110101
00001010010101001011111010011011 01110100001001111010001010101100 00010001111001
10100001110011010000101011010110 10001010000100000110110001000011 00011001000010
00101010100101011010111000011111 10010111011010000110010010010001 00011110011000
00111001100100101111111100000001 10010010110011110110111101011011 00100100011000
01100010000111101111110001101101 10101101000001111011011011001110 00101000100001
11010111001010010010011100000000 00011100001011010110101000101100 00101101001111
01100011111011010110111111111000 00100001100101110111110001011110 00110010001110
10001010000101010101100100101001 11111101110011000110000001110111 00111000001101
11010010001111001100111000011110 00011100110111111010111101100001 00111111001000
10010000010100100001101111101111 00111010001000011101100010010100 01000101100111
01100000101111100011111101010010 01001111100001110101010101110001 01000111100100
11100011000001010111100000100111 11101100110000011010011110011011 01001101001100
11110000001111011011110011011000 11100010010100111000001101000001 01010001000000
11100001100110100011101011111100 11100011011100011100001101111011 01010101110101
01110010100100001110111010000100 11100010100101010011000110100111 00000101010101
00000011001010010101111101110010 11000011000110000000111101010001 00001010010111
00111110000010100011001010001010 10111011100011001000011000110001 00010001000011
11000000110010001010110100010001 00110011110011011001000001010011 00010100110100
01101001001101001100010110001111 11000001010011001110000000011110 00011000110000
01110110001100110110011000011010 00110010010001101110101110100111 00011110011001
01011000011111001010111011010001 01100010010101111110110011110111 00100000101100
00101011011010000000011000100011 10100011110110010001010111010110 00100111010111
10011111100011001110000100000011 00111111001111111010111000010100 00101011001000
11011001101011111010010000100101 00111010000110011100011011111001 00110011110011
00100000010111110011100101011110 00111101001001000001001111100110 00110111111001
10111100100001010100110001110000 00001011001111000111011010100100 00111101010001
11100010111101110001011011101010 00010111011011111011001011111111 01000101010101
10111010010001101001010011001101 00010110001010101010110110011001 01001001100010
11011011100100100100101000110101 00100101111110101000000001001011 01001111001100
10010010001011010000100100001111 01110000000000010001110111101110 01010100001101
00000011101011001111111000001001 11011110100110101111001101110010 00000101100001
01010011111100100000000101101010 10101000101000011101011010011000 00001100001010
10101101100011111011101101011011 01110111111010111001001001101111 00001111011001
01110011101111110100011011101011 00010111011101111110110010000001 00010110001101
01100000001110001011101101110111 11101011110110101010001110101010 00011100000101
00010110101001110010100110101111 00001111111100110000011011001110 00011110011010
00100000001100110000010001110000 10011111011110011010011011111000 00100110001001
00101111000000010110000000110111 00110111110010010010111101110111 00101011001010
10100010010110101010000100101000 00001010110000101001110001011100 00110000000011
01101010110110011111111001011000 00001001001110111000001010101011 00110111010001
00011010010010010110110011110000 01001011100111100011101101110100 00111100000100
11010111110100111001011100111000 01001010011000111000010001101110 01000001001010
10010001010111101100110111111001 10010111010110000011110000110111 01000110101001
00001100001101101101100111001101 01111001111110000111101010110000 01001101010100
01000001000001100101101001110001 00001010100010000101000010100011 01010001001001
00001100011011000101000110000100 00001011000001110100111110000100 01010010110001
00010110011001100110000101011001 11001101101100001111000110000110 00000110111110
11011100000100000100100000000111 00101101111000111101111011101111 00010010111110
11010111111011001111100001011010 00010011101011101100100000010111 00011000110011
01111110100001100111000111011000 10100000011111101110010111011001 00011011010010
01001101101100110000111001111100 01011110001110100110101110110101 00011111110010
10110011011010010010001000110110 11010000111011100000101100011001 00100011001000
01000000101001111001100001011100 00110100111111010101010101001011 00100101111110
00100000000100101000000101010001 11010011011110011101011101000101 00101011111010
01011101011001000110000010110101 11100000101110111100111001001011 00110010101100
01110100111011110100101111100010 00100100101101011011111000101110 00111001011101
10000100101101110010101101011001 10011100011110011101100111110101 00111111111101
00001010100001010101100011011111 01101010101000110001010010110101 01000011101001
00111111000110001010101101011100 10110011001001110111101101101011 01000110101011
01111110100000100001111010110111 10110100101000111010111111000100 01001010100000
10111010101101111010111100000001 01000100110010000101100100100101 01001110100001
00011101101101101001110000101111 11001011100001011011000010000000 01010011100101
11011000100111100101000110010101 01010101101111000101100101101101 00000011010001
11100001001101010011100001101001 11010000000101011111110110101011 00001000001001
10011010011101110101100011110100 00011110001101101000100100011100 00001111001111
01010101101000110000001111110001 00110100001101000011101100001101 00010101111011
10111111110011011100000000110100 01001100100110111100100111010101 00011011001010
11000011101001011100010111111110 01001111111111110100000111010111 00100001000011
00011101100110001100001100011101 00110001100101000001100111010000 00100110111000
10110011001110100100011110000001 00010101011101001101010001000001 00101101011101
11100110000111010111011001100011 00100000100010110001110010011011 00110100100011
00100000111000111100110100011111 11100001000000000110000110000010 00111110010110
00011001111110101010101010010011 10111101111101110100111110010000 01000010011011
00010111000001011101001100010011 01011100011000110000010100111000 01001000110001
11100001101100001110011000110110 00110011110011010101101000110110 01001110001000
00001111100110100101001011001111 10110011101011100000001100011110 01010101000000
00000100001101110001010100010110 00100101111110011000011001000001 01011010111111
00100010011001110001001000100010 10011111011101010000000001101000 01011110100010
00101001001110100100101110000010 00000101100101111011101111100001 00000101010000
11111000010111000001101110100011 11101110100110100100001100111011 00001000101000
11010011011011000001001101100101 11111010000010001010011101110010 00001101010100
11101001111011000000111010010110 00101111110001101100011100101010 00010101011001
11010110000111101110010011011101 00011100111111111101000010110010 00011100110011
00110101000010000110001000100101 10110111110110000011011101000111 00100011010010
11101101110110100001110010100111 10100111110011011101100001101101 00101000011011
01010011101101101111110110100111 00111000010011000110011001010101 00101110001001
11100111111010000010110000110111 01000001000010110111111001110000 00110110010111
01011111101010001110111111110111 01101100001110001001001000101110 00111100111010
01101000000100010111010110100111 01100001001011000100001000111100 00111111111010
01100001100000001110010010010100 01010100110001000111101011000101 01000011100110
11100110110010111100010100100001 11010100001011111000100110010010 01001001000001
10001100101101001110011110011000 01000110100100000001011100101011 01001111101000
01111010110000000100100001011001 10001100101100101101001011110000 01010100101001
01111011100111010010001010000001 00001101011000010111111100000011 01011010101110
10100010101000001000101010010100 00001110011000101101001000110110 00000101111000
01010001011001100101100100101011 10011111001100110100100110011111 00001001111101
11000000100101011111111101100100 01100001100101000000001100000101 00010000111000
00110000100111100011011110111111 11101101001000001001111101110100 00011000100110
00101110000100100011100001100000 10101011101111011010011100010100 00100000001001
00010101001011000011001101111101 00101011010000110011100000000111 00100010110001
10000000111011011110010011000011 01100010101000010000001001011110 00101001100010
10000111110001000100101010111101 00100100101111110110101000110010 00101101110101
01101011101101000100110111010001 10011110011011010110111000010111 00110011001010
11001110011101010100010001101111 01011100100110011110011000101111 00111001000010
10111010000110010000110110100000 00010111001001011011011110111000 00111110110011
11000001010001110000111111111010 01110110100010010011001110010110 01000011001000
00001111000111001101001100110011 10110011111111111100111101100010 01001010000010
01101000010001010110110000000001 01010011110100001101110100000010 01001110010100
10010110111001100011000000011010 00100000100000101011101100111101 01010100011100
00111111010100101001000000010001 00111100010011000000000111000001 01011001100100
11010110011011011110011010011100 00100101000111110011111100010010 00001000110000
01110110100011110001011111000011 10001101001000100111011011011011 00001100101011
00110101110111101111110000011111 10100000011111001000111100010010 00010001110010
10111111011000101010001011001111 10001100110010000110101111000010 00010101001111
00000101100110001111100001010100 01010011110000000100011000001100 00011010111111
10001101011010001100000010111101 00001101010110001010100000110100 00011111110000
10100110101111001001110111001100 01001110110100101001000101001100 00100011101010
00111011111101001110001101011111 00110010110101101000010011110001 00101000000010
01010100000101000010100001000001 01000110001000100100000010101010 00101010011111
01110111100001010100010010000100 11001100100010010000000001101010 00101101010110
00100111101001101100111100100000 01001001010101110101001001011110 00110010000010
01011011100001000110111100100001 10001100100101110100000101000011 00110100010110
11101010011001000000101001000100 11011011001101110001110011100000 00111000000000
10001000100110101011010101100010 00011110111000101000011010000100 00111100000011
10011101010011111010000101000100 00010011101111010100100110000111 01000010010110
10100010011100110010010000011101 01110000011100011100111011001101 01001000100100
11001000010100010001001010001011 10010000010011111010000010111011 00000011111000
11001111010000010011100100010101 00101110101100101011110110000100 00001011111101
01101010001010100111001111011100 11110010000101010101110011101011 00001111000000
00001111100001110010111001110001 00111010100001011101110010100101 00010011001111
00111111000100011110010101110000 11000100011110000011100010010000 00011010001000
10011110000011010010100001101001 11101110001111110101100101101110 00011101000000
11001010010000101000100111011010 11011011111100100000100001110011 00100011101001
10010101010101010101100010100000 10111101001000000001010001010101 00100111010101
01001100011000010000011000000001 11101110111100100111001010000001 00101111110100
11011000011101110001001010000010 10000100111010000111011110111000 00110101010100
01100000110101000011011100011011 10000011101010110011000111011001 00111001100100
10001111110110001100011111011111 10110000111111001101010101101110 00111100101000
01111100111010000101000001111010 11011011001100101001101101001001 01000010111001
01111001101001000000110000010010 01010101100100010011011010111000 01000111000000
10000101100011110110101000001000 01100011011111111111100100111100 01001010110101
10100000100010010001000101110100 10100101010110000100110001010000 01001101001010
00110001101101001110011000111111 11110100110101100110000110100010 00000111001101
11110000000100110110010001110110 01001100001110010110011110000101 00001010101001
10110110111101101010010100110100 00100011001001101011000101000100 00010000101000
10100111111001101111100001100011 11001101000011111101011101001101 00010101011100
01101011011011001011011111110001 10010101100110010110001101111100 00011001111100
10010011111111110011101010011100 00101101110101011010010100101010 00011111101001
10111010111111111111110101010110 01010111101010011111011110111011 00100100001101
00001001000001111010001011010011 00100001110010001101100111100101 00101000101111
11110100000010111010100100101101 00001111111100001100101111011010 00110011001000
11000101000001001111101110100010 01100101100011010010011100101111 00111011111000
10101110110010110000011100101110 10001010001011111101000010011101 01000011110000
01001111010011001100101100000110 00111110011010110010000110001101 01001001010001
10110010001010001101001001101110 10011010001111101000100010100100 01001011111111
00110101011111010000100001001101 00110100101000001010110100111100 01001111011001
10100011111111000111010101011100 10000011110011100111101110100010 01010001110011
01101011100101000010011001010010 11010110110001110010100101111110 01010101000000
11101110011101000001110110101111 11000100100001000010000111111001 00000010001000
10101001010101000001100101110011 01101000111100100110000000001011 00001000010110
00110010110111110011011010101011 10111011111100101001000001001101 00001101101010
11001010101111000101110001100010 11011110101000001111100000011000 00010010000000
11110100010101011010000111100101 10110100000100011110101011011111 00010101010011
10101110110110110111111110111100 10011010111101101111111010101000 00011000010101
11111110001000000101101010100011 11010101100000001011011010010010 00011100001011
00100011000011000000111010100010 10001101111111100101111100011110 00100100111100
01100111000110010000101010001100 10100111110110000001100000101011 00101010101010
01001101101101010100110101000011 11001010110100011110010100110001 00101111101101
11100101111110001101000111001011 01000001000010011100110100100010 00111000101101
11010001001011000001010010001101 11011100111000111111010111001110 01000000010001
10100111010011001011011100000000 11011011110001100001110010001000 01000111100010
01111111010100111101010100101111 10100110100110100111101000101000 01001010110010
01100100101011100101001001100011 10111000110000001100010111100001 01010000001001
00110010010001001110001110000001 10001101111111100011000101000110 01011000001011
11101100101111100110000111000011 11111111001011001010100001101101 00000101000010
00101010001000110011000101110111 00001001011110010010000101110111 00000111001001
10010110000100011110111010101101 01001111110110000010100011100100 00001111010100
00110111100111100100000011101110 01111011110000101111100111101011 00010011111000
11111000101001001100100111011111 10010111101100011000010010110100 00010111010110
11010101111010111110010110111011 00110100000001011000100010110101 00011111000000
11101001001101010110100101010011 10010111010110101110111101000001 00100011001111
11011100111010111000100101101101 01001101010001010001001111110111 00101100000100
11000101111000101101000010001011 11011110100001101101110011100010 00101111011100
10101111101011100001001110111000 00101011111100101110001111010101 00110110010001
10110111111001110111101111100000 10011000100110101010100000001110 00111011111100
00110110101111110010000001000010 11011001110010001011101001101111 01000001101111
01010111011011011001000100011110 11001001100011001110101010001111 01000111001010
11100010101110111101000110100100 10011101001110000011010111111111 01001110001001
11101001011000001101100010111001 01011101111110000011010111101001 01010110000000
10011011110011010011100010001100 10011001011111101110001011000100 01011010110011
10011011110111000100011001110110 00001000100001101000100101000001 00000101100001
00110010001101001111001110001001 01000011010001111101010111011111 00000111111001
00111001110000000000111011011001 00111100111010101011011101011101 00001101001011
11100101011111100000111010101101 00011010001010010111010101101001 00010100010110
00001011010101011011000100000100 10001010111110000000001100100100 00011100000110
11001101100100100000111110101111 10111001101100110001011001010101 00011110011100
00010110110100100100101100010101 11110010011110110110011000011110 00100011110011
01011101101101011100011100011011 11001011111011000101000101000101 00101000111000
10111100110110010101010011010111 00101010100001111011000111001010 00101110000110
11100111110011011011101101000111 10100101001011011101111000010001 00110011000001
00001000001111111000101110110001 11101001010000010100011111000010 00110111111001
01010001010001101111101100111100 00110100110001011001011000011110 00111100011000
01110101010001010110101100000011 11011101011100001100111111111110 01000100001010
01111000100100100001111111000101 00100011000110001101100100111111 01001100011001
11000100000000000001001100001000 01101000011001011001010001110011 01010011000110
00111110001110100101101100000100 01000000101000110010001110001110 01010111110011
00100110001110001111110011100100 00100111010111100010101111110000 00000100000100
00111110110010110011011101000100 01001010100000001010110101101010 00000111110111
10000010010110011000000111110100 11111011000100111000001100000110 00001110100110
00001110100011110010000000010000 11110100101100101101011100010110 00010101101100
11011000011001010101000111000111 11110010011001010010010110000010 00010111110111
01010001110100100101111110111100 11011011001110111011001010101110 00011101111001
11111100101111010101110101101111 10000010000010111101111000100110 00100101101111
00110010110111000000001000001011 10001100110110100111011101101111 00101010100100
01011011111001001111001010001010 00110111000110011101011101010011 00101111100101
01111110011100010101100111100010 10110100001000010111000001010000 00110100010100
11110101111101111001100100100010 01110111101111100101000101111000 00111001101001
11000111010110101001101000111010 00010000100101010101100000110101 00111110100010
10010110111100011010011010110100 00001001100000110011101100111010 01000110000010
00000111010100100000101010100100 00011101100111000011001101110001 01001000111110
01011001011110101100110001111101 11010010001011110110101100001001 01001111010111
11101001011100111100110011000010 00101110010101111111100101111110 01010100011111
01001110100011101100111001100011 11100000101010001110010110010110 00000011110110
01110111100111100001010101101110 10100101110111010100111110001101 00000110111100
11110000100000111001011111100110 11000010000000010100110011100101 00001010111000
00000011001000011110110000001001 11001110010001110010100110111100 00010100011111
00110101111101111100011000110110 10111100001011001101111111110100 00011101001000
10110011010001011100011010101010 00100010001010101110100111011111 00100001001100
01011110011111011101010101011101 01010010100000110011110111000010 00100101011011
00111010001010011100010101111101 01010110111000100100010001101111 00101010111111
10000111100010011001100011110000 01101110001011100100111001010011 00110000011010
10101000100110011000001010100010 10100101000101001011101101101010 00110100010011
01000011111100111001011001111110 11110101010100111000110100010000 00111011011100
00010010000110100100001010001001 10000111011011001010110010110101 01000000111001
00110110110000010001110100100100 01111100000010011000001101101110 01000111100111
11001111110110000011010000100101 00101101110110000001111100111101 01001010110110
10110001100110011011100100101111 11010011001011001100001000011101 01001101100000
00010111001110100000010111000010 10011011010110011101011010110000 01010011100110
10101001101100000101010011001000 00001111100000010001100011111100 00000100111001
11101111010111011010011011000000 01100000000111101100101100010110 00001011010110
00000110110001101001111000111110 00011100101001011011101000101100 00001100111011
11000010000011011100111101010001 01101011100001011011001110111101 00010010010010
00110011000111101011110001111101 01100000110111110111101010101010 00010111101111
00101001011001011011111000001110 10110000110000010001111110000000 00011111100011
00011011111100110011111011110111 00011110111110010011000010001111 00100001100010
01011010000111011000000101000101 01000111110010000001011000111001 00100110010111
01101011010000100101111101010001 11110101110110001010000010111000 00101101011111
11110111100010001010100110111010 11000100100000010001100110010100 00110001001111
01111110111111001010011101011010 11111010001000100110101010100110 00111000101110
10011011110101111001111110111000 01101011110111000100101110111010 00111010111001
10100001011111011111010110110011 01001110110010110111000101000110 01000001001011
01000100011010010100101100000011 00001001010110010001110001011000 01000100011010
00011001100110010001110000001000 10100000010010010000000010010100 01001010011001
10100101101101001010000000111111 00110110011111110111011010101110 01001111010110
11001111010111111000101010101101 01010110001110111110111111010101 00000100101010
00100010011110111000110111101100 00110111010011110100111001000100 00001001010010
11011100011010110010011110010011 11111011100101010011110010001001 00001010111010
01000100001000111000010110101000 01010010011100000011011101001010 00001111000001
00011000001001101000011000000110 10000110010110101001010101001001 00010010110101
00100001011110101011010000000111 00001001011000110001001110011111 00011000011101
11100100100011111011000111011100 10101100000101100101010111100000 00011100101110
00001001001011111101110001100110 01010111110000001011010001111100 00100001001011
00100100011010011100100100110101 00111001010100011101101110101000 00100011111101
11100011000101011000010101100100 01111010111010001011100110101101 00101010110110
10111001000111100010100111001011 11110111010011111011111101001011 00110000111011
10110111011111010000110001010001 10100110110100110010101001000101 00110011001100
11010100010110111011011001000010 10000111000110111001100000010111 00110110100010
01010000001100010011000000000011 11100010101000100101001001010101 00111100011001
11010100110000111000011111011010 10111010010011001111101100001001 01000011101111
10011000001010101100110110001101 00101000010101000101010001001010 01001001000101
01010000000010111110101001000110 11000110100111111011110010100101 00000110010111
00010101010101101001101101001110 01000101100110110110110111010000 00001010111100
10000110101111011010011101111100 00010101100011100010000000111100 00010000100011
01110011001001111111011010010101 00011101100010010110011110010000 00010101101111
01100010110101011010010001111000 10101110100100101110111100000111 00011010111010
00101111110001111000000001001101 10101010101001111011000011000111 00011111111111
10010111111001001001101100110000 10011011011001011110100110011000 00100100111000
01011100111111111100001101000001 00000101001111010001001111100111 00101110100111
11000111100000010101110000001011 11101110010111000000000001101111 00110010110011
10100101011111001010000101111000 11110011000000100011100100101110 00111000101101
10110001100100000000111000001010 01110000111001000100000011111101 00111111100111
01000100101001001011001010000000 11000011011101000110000101101001 01000011111110
00111100110100111101100111101000 01011010101101001111100011000011 01000101111111
00101000100110001110001000110000 10100111001011101100001011110000 01001101001000
10000100010001110000011111010000 01011011110111101001101111001110 01010010011110
00101100100001100110010011000111 10001101001011101001010101000010 01011000001101
00111011011001111011000101101001 00100010000001011010111001110011 00000010001000
00101100010010011111011101111101 10111110010111010101000110010010 00000111101001
00010011000000110101100010100110 10110100100101011101110100001100 00010000111011
00010001110001111011111101000000 11100100110001111011010010110011 00010110001100
00110001101000010101000100011001 01111001001011101011111111001110 00011101101010
11000000101111100110001110001010 10101011100100110100001010011110 00011111011111
10010010110001101011010110010001 00010100010000011111100110011010 00100100101111
00011010101010101001111001011011 10000100011100011011000000011101 00101000100010
10010011011001011100011110101101 01111010111010000000001100000000 00110000101111
01110101001001001101000011110010 00100011010001010100111110100010 00110101110011
01000100001100110100001000100010 10011111010001011001101010111110 00111011010100
00111111001111111111111000110000 10111000011011010010101100011110 01000001100000
01011110011110010101010000010000 01010000101011110011110001001110 01000011111010
11001100101001010000110100100011 10001000011101010001011110100100 01000111111001
10110111101001111100011111000101 00111010000100000010000100000111 01010001110001
11110100010000001100000100100111 10110111000100100000110011110100 01011001011110
11011111101101000100111000000101 01000110011001001110000010101001 00001000011111
10001111001011000010000000010000 11101010110100001010000010011110 00010000101100
01111010000110000100111110110011 11101101101011000111000011100001 00010110000010
00011111010011101100100010010101 00100110101101111001111100111000 00011001111000
10101001111101101101001001011001 01100101110011101100111011011000 00011101100111
00011111111100110111010101010001 00101000101000111111110110110000 00100010100111
10110100100010010010100111011110 01101011100011000010111001011101 00100101111001
00010011100100001000111111001101 00100001000100110011100100010001 00101100010110
01010101001111001001100001000111 10101111110001111011110011111101 00110011010101
10000010101011101000110001100000 11010111111011100111001000101010 00110110111010
11110010110101001010101100101111 10000110000010000010100101111111 00111111000100
00101000010100101000110111111011 10010001001101110100011110010111 01000011110010
00110000110101101101110010010101 11101111001001111101110011000110 01001010010001
11111111001000000110010100001111 01010010111110010101101000101101 01010001000000
00010110101111010011000111100010 00011100100000010010101011000010 01010010101001
11001010010111110010110111011111 11001111011000011101101101010101 01010111101000
01010001000011011000000101010111 01111101010100001111000110101011 00000100110011
00111101100101011101110111110100 01000101001100111011110101000101 00001001101100
01001001001000111001010101011111 00110110010100101100011110110100 00001100110101
10111010010110101000101001011010 10100000001110010110000111111011 00010000111010
01001010101101101111001010110101 11110011010111100110011000001000 00011001110100
10110011101101011101001101111000 11011001010011111101000111101110 00011101111000
01001111110111000101110111101001 01001001100010100000111010001001 00100001111111
11100011101001110111100110100011 01011010010110011000111100100001 00100111101110
10101100100011100100111000111001 11111011001100001110101001101101 00101101101011
01110110100110101001000101110110 00010110000111100000001000000011 00110101001001
00110000100011111111011110100011 11111110111000001110100101100101 00111010110100
00010101011000000001101010000101 10111010100110111010010100100010 01000010000010
11101001001110111011010011111010 01001001001011111101001000101011 01001000011011
10111100100101001101100010110100 11001010001010000010010101101001 01001110010011
00100110001101101111110111110101 10101101010010001011111010111110 01010010100010
01101001100010111110100010001101 11010111100101101000010001010001 01010110111011
01100110010111110010000000001001 00010000101110010011110011010110 00000110011001
01111011000001110010110001111010 11111001100100011111011011101011 00001111011100
00000101110111110100001010111011 10100110100011001100101100110110 00010111011110
00100000010101000111000011000111 01000011010110100010011101100001 00011010110110
11010010101111001110101111101011 01001111110111000010110011110101 00100000100010
01001000001010100001110010001001 01101101010001001011011010100101 00100100010111
00011101100110111010001001011100 00010111010100110000110101111101 00101000011011
11001101010100000110011111111000 10000001111001000100100011101110 00101100100100
11000100011110111111010011100100 00101101000011000001101110101001 00110100111110
10010001111100000010001100101110 11110100011000010010011101111101 00111010000011
00111110111010000000100100101001 10101111011001001011010010110011 01000010101101
10111110001111100010101011111101 01010100001001101011111001010111 01001001101001
10100100111010100110011011111101 11111010000001000110010100010001 01010010010010
00010111110011010000101110001010 11100010111001110010110010101111 01010110111101
10100010001101000000110011000110 10101110001010101011000001110010 01011011001011
11000101100101001110101110001110 00111110111100010110110001101110 01100001001110
01111010110100000110010000100000 10111100010100111110000100011001 00000101000011
01000010100000010101111111111111 10011101010000000101110000100110 00001010111011
11100010010111011010000111111100 00000100000100101000000010001000 00010001111001
11110011110001100010111010101001 01110100011110111101010111010111 00011000011000
11111101001001111000011100101011 01101110110001001101101111000001 00100000101110
10010111011010001100001011000010 01001101010011010111111010110001 00100011101000
11101000110110111101010000110111 01111001111111010011111010101110 00101010000110
11000010001000111010111001111010 01110101111010010111000010011001 00101111110110
10011110101111010101110110111001 11101100111010101110100101101011 00110101001011
01100010111111111111001011001010 10000000110001111000010011000110 00111000010011
01010011101000110110101010010010 11111000110010111111100000100100 00111111011100
00111011100011011110011001001000 10010101100001000011011010000101 01000100101100
11010111110110001110000000110011 01110100000100100111110011111101 01001110000011
00110110011100100100100111011001 10001011101111111011011011101101 01010010100110
01001111000100100001100000100011 00000110001010100011100011111010 01010111111110
11000110011000011001110111011110 10010110011010001111010101001011 01011100100000
10010100110011111010011111100001 01101100110010010011010111010100 00000010101101
10000100001101101000001100000101 10101101001101001111001000101000 00000101101010
10000011000011000010101000001010 10011101000111100100111011001010 00001001111010
00000110101100001100101011110100 10111010010111110001111000101001 00010011110110
01010000010011000100000000011100 10001100110010000011001100001010 00010111001101
11101010001101001100000011111000 01001110101011111001001110010010 00011101110111
01111101100010010100010101100000 10010111010011000100100001011101 00011111010100
10001010011010010110101101011100 00010111110111100010000011110011 00100110011110
10011110110100001100010101010110 10111010100100000101100001011011 00101001101100
00011001111110101010111110001111 10111110011010101101001001010011 00110000000000
00100111100001111100010111100000 11101111000100011001100111111001 00110110000011
10001100110100111110110000111100 00001011100101000000000001010001 00111101000100
00111001010101011101000000110001 10101110011010111101011001110010 01000000010110
00100010011000001001111000111111 10010101000111101110000000011110 01000100101110
10001110110111001000001111111010 11010000001010111110111000100110 01001101100000
11001111100111110101010101010001 00101001000111011101010011000011 01010101111001
00101110100000000110110011111010 10100000110000011011001100010101 00000111011111
10011101101101101000011111011010 00010001101111110101000101000000 00001101000100
01011001001101100101100111001111 00100110010011100011101101110010 00010000001010
10111010100001001011000000011110 11010100010001011001101101001010 00010010100100
11100001101001111001101010100011 01101110101000000100001010101000 00010101111011
10110100010001001101111101110110 00100111100000010001001101001001 00011100111110
01001010001011110001010001010100 01001110110101111110000100100100 00100011100111
11010111011001000101011100011001 00111011010100101010110111111001 00101011001011
01101001110111101101111111000000 10100010111011110001100110011011 00110000000000
00111111110111101110000111111110 10100100001101101110100110000110 00110110001101
00001011000111000010100011110100 10011101100011001000001000000100 00111111011001
00011110010110001111111010010100 01001110110001011000010001000011 01000101000001
10001110100000011001011001110011 00010100000010110101010011010111 01001011010111
11000011111011000000100000110000 01001000001011001111100101010000 01010100100011
00111100100110001111011010001110 01101011101001101001101111011001 01011000000110
11001000100110111010011111111001 01101111101011001110111111100010 01011011001111
00011010001011110000010110100101 00110101001011101110001001100001 00000100111101
01000110101000101000010110101100 00110101000110101001100000100001 00001001110100
10101111111110110110111100111001 11011001101000110000101010010101 00001110110111
11011011110010111111101101001100 00110111111100101001000000001011 00010100101110
10000100000001011000100000100110 01101001110101001101100110001110 00011011010001
11001001010100000101110111000010 01000010001001001000100011001000 00011110110101
10011110101100000110111011111101 10100110011011011011100100000011 00100101000101
11011011110001101100110000110000 11001010000011011110000010100111 00101010011010
00010010110011101011000001111111 10100110010101100000110110001100 00110001010110
01111010101100011010101000000010 11111001000010111110101111110100 00111010101110
01101111110011111110100011100100 01110000101101000011011011110000 00111110001000
11001011111011001000001010110001 00111101010000010000101011000100 01000101001100
11001101010101111000100001101110 10010001000101100110111101110010 01000111100110
01001110010001110100000101000101 00110000010010101010100111111110 01001100101000
01111100000101100111101100001100 00111110100110000010001001001000 01010001111101
00001111111000110110110001010110 11111001011110011011010100011111 01011001010001
10110101100110100001100110110110 11101000001010101111101001111001 00000111000001
10010111010100101011001001101111 00101101100111000001100001001110 00001100110000
00111111100101011110110101000110 00101000110100000001001000010011 00010010010000
01001010111100111000111010010011 10110010001001010010001110111001 00011001010111
10010111110011111101111000011000 11000010111000111001100001101010 00011100101110
10010011001010001010110011011000 01100100010000001100111111110101 00011110110101
10010011000101101101010100001101 11100111000101111001100100111101 00100001110110
11101011111101100010111011111010 10000100010000100100011010111101 00100111100110
00100000000000000101010110111101 11001101110000000110101111110011 00101110011111
00001111100111010001110101101111 11010111010101110011001011100011 00110100110110
11100010111100100101001010100100 01110100000100010001010011010110 00111011110101
01000011001110101001111010110100 11010111010011100001010100110011 01000010100111
00110000110000100110100001001111 00011010100011100100110101101001 01000100100110
00111011000010100110101111000001 10001101010011001100111001011011 01001010000011
00000011010110001001110010011001 10001101001010000100110000011001 01010000001101
11110010011100100101001111111011 11110110001110010101111000100000 01010100110000
01101011110000010111110101000000 01001011010111001001011011101010 00000101001000
11011001100010101001000110110111 01110100110100011000111101011001 00001001010100
00101111101100111111110111001100 11001110110010011011110110011111 00001101110110
01101110010110111001110011110110 11100100011100100001101011111011 00010010001010
01000101110011010001100111011010 01011010000110001000000111111111 00010111100001
11111000100100010010100010001110 01010100101110100001010000010110 00011100111010
11001101001101110101001101010101 10011001000100110110101010101000 00011111111100
11101011111110100011000110000010 10101011101111110100101001110101 00100010011101
11001101100111010011010101011000 11010000101000010001111101110101 00100011010111
10010001011101010110000101001110 10011010001001010100010110010010 00100110010000
10100110000100000010101101011000 10100111100110001011001100110111 00101011000010
11010000101011101101010010000100 11110101111111101110010000101011 00101110100000
11011111100000010111101101100001 11110011111011011100011100011011 00110010110010
01110101110111110110101011011011 10101110011000110101111101011110 00110111101111
00000111101100000101010001001001 01000110101110100101111000110100 00111001010111
11101110110000100010101100011000 01100011111001101101010110000110 01000000011110
10101110110111011000011011000010 10010011110100101001000101000101 00000010101110
10100100000000001111001110000010 00010101111100101000101100111100 00001011011101
01100100011100100100110001000000 11111110101010100011011000000100 00010000000001
11110101001100110111110011011101 01111110010000001110101010110100 00010100011100
01001110111111001010101110010110 10000110010100001110111101011100 00011001111110
00110000100110100010000011100001 10111010110011100000010010000010 00011110110111
10101111101000100100010011000010 11101100000000000010001100110111 00100101000010
10010100101001101100011110110010 00001000010010111001100001010101 00101010110101
01101110111101111010111100110101 11000000100101011010011110011110 00101111011010
00001001100001001110010101010011 00010101101101000100100010010010 00110011110010
11110000010000010000010001001000 11110000110100000111100110000000 00111000101110
11001011101110011001010011001001 01011000101011010101011110001000 00111100101011
11110101111100101010110111110001 11000011110000110000010100101001 01000011111100
10010100000000111100101011001010 10111000010011110101101111010111 01000111101000
10000001011110100010001001101101 10000100011000010000000111101011 01001010100011
10111101000011100101011110011111 10010100100011001000011011000111 01001110100001
01011010101001110000001000101011 00110110010001000010010010110100 00000100110010
10000101111100011101000001000001 00010001111110011100010110000010 00000111111010
00001111101111000010101101001011 11000101110000100110101100110100 00001100001101
11101110100010000101000111001010 11100110001001100000010100000001 00010010001100
10001111111010110011010110011100 00111100100101101000100010111000 00010110100011
00110010111111100101001001000000 10101011111101000111101010110000 00011010111110
11110001111110011111000111000101 00111001011111111011100010111010 00100000110100
01001011110101000001100010110110 10001010000001101110001010101001 00101000011000
00001000011101111111101101111011 01000111010100100111011100001010 00101101110001
01111000000010100000100010010000 11011101111100011011110101011010 00110110101000
10100111101101101101010000111110 01100011000000010011101001000001 00111100111110
00101110001010010101101011111100 01111000110111010010110110011011 01000011001010
00110101011011101111111100000001 01110110011000000111001100010000 01000110110100
10100010010110010101000011011110 00100010110010110101010011011001 01001010101111
10010010111110100011110110100000 00001110100000110101000010101100 01001111001001
11010000000010001110111110001010 11010100111110001000000100101100 01010110001001
10110011001111110111101101101111 01010101111100110111101101000110 00000100111011
00111100010110000001111100110000 00000010000101111010110010000101 00001010011000
01110011011010100110111011011000 01000011001111100101110100110000 00001110101101
01011011010111010101010111101100 10100010100000001001111101010100 00010011111001
10110000001010000010011010011010 01101011101101110101100101010010 00011001001000
10001110000100000010100110000100 10000010100010100100001010100100 00011100000111
00101001001000111110000000100111 01000100100000000011001111100000 00100011100101
01100101011001100110010110111110 10111100010010101001001110110001 00100110010011
10011110101111000101100101101000 00011011000001101101111010100111 00101110010000
01001011000000011101101001101110 10010001001100000101101000101010 00110011001001
00111100101101101011111110001000 00010010101110100111011010001111 00110101000111
10111111101001011011111000101010 11101100011101011111110101110100 00111000101101
00011101001000101011001110000010 11110111000011000011010110001110 00111110100111
10010110100000001011101111100000 10100001110101111010101110100000 01000001011001
00100101001010000011010110101011 01110011011011110111101011000110 01000101001110
11111110011111010111011110111011 11011110100011001011011101111101 01000111111011
00000010100011011110101000100000 01000011110010001100101000010000 00000010101100
11111000000110010001000011001011 01101111110010110010010011101011 00001000011011
11001001100110011011101100001111 10001111100111100010010111101011 00001111001100
11100100011001111101111110101100 01000010110101110010110001011001 00010111100100
10010011000111000001001101001100 10101011011100010011100101000111 00011001111100
10011001001011111011000110011000 01011000101101100110010000001101 00100000011100
00011110110100111100110001101010 10110011100000111010100100110101 00100101011001
11100100110001110111011010010111 00010010011100110010001001100101 00101100000101
01001101011111111000010011010000 10001101000100110111010110111010 00101111010110
00011001011110000111000100000000 10100101110000011110000010111011 00110111010101
11100110111111011000101111111101 11101101010011101001100011100000 00111010110101
11100011111011001001010000010000 00001111100001110111101001101111 01000001100111
10110001000110101000011010110111 11100101001000000100111111110110 01000100010111
01011001101011101010000101100010 10010110111011101001001111100010 01001000100010
00000111010101101010011101111101 11111111110110000010110101000010 01010001010001
01100111111011111100111010010010 00010000000000110011111110011100 01011000101101
10110010100010010101110001111011 11100111100000110000110100100111 00000011011110
10101001101000001100011111010001 01100001000010100011100111111011 00001001110100
01010011011011011110011001110011 10101110101000110100001100110101 00001111100110
10110000011001100001100000111001 01111110100000101001001010000101 00010011111010
10001101101011000110110110011100 01001100101110100110011001111101 00010101101111
11100001100100001100001100100010 11111100101011100101011101111101 00011001101111
10101001111010000000000001000011 00011011110101110110111100001110 00011110110010
11100111111011100111010101000100 01101000111111000010011001000100 00100010001110
10111100000110111011110101100000 11100110000100101010100101101001 00100011011110
00001111110010110010101000010110 00000011001101101110000100010011 00101000111001
11011001111110010111111110101101 10110100111010111011010001010101 00101011111001
10011100100111001000011010111101 11111010001100110101110010011011 00110000001100
10100110001011000101111100001101 11111011010111100010101101010110 00110100010000
10111110001100000100000101000100 11011100001100011001100100011110 00110110101101
11001001100110110000110000101001 10001100000101000111111110110110 00111101110001
10011011001011101011010111101110 10000000000100001010110101001110 01000001010010
01110111011111100101100000001001 10110110011000011010011010111001 00000101011010
00100000001001010010011110010101 00011100010111100001110110100010 00000110101110
00110010011111110011110111000110 00011110100111000101001001111101 00001000111101
10111111000000100101101000011000 11010111011001101110110001100010 00001110010101
11101111100011010111010101001001 01111110101001100001011101111011 00010010101111
10100000100111000001001011101011 11101100000000011010010100001111 00011100000101
00001101010110100110011100011101 00110111110000101000110010000001 00100000100000
10001111011010000111001000010101 00001110011110001011011111101100 00100111001101
11010100101011001110010001011100 11010111010010001000001111010011 00101100001100
10111000111000110011101110001111 01010110100000011011110110111000 00110001111011
10111100001000010011101011101011 01100110011100110110111000111011 00111000000111
01010000011100111101111111111011 01101111011011111110001100001001 00111100100000
00110111010010110010111001000110 00000011101111001011101110000010 01000010001110
00110110011111100000001111110010 00100110100111010111101010001110 01000110011000
11110100110111110000011010001001 11011101110000110010010001010100 01001000011110
00100011111001000010101011110011 01111010000010111100100001110100 01010001101011
