01000010101000100100000101010000 00100101110101011001011010110011 00000100001000
00000010000000000101111011101100 00010111100111110110010110100000 00001000001111
11101011110101101010101000111011 01001011100101110000000010010000 00001111101101
11111001110101010111011111010010 01101111101100100100110010001111 00010100001000
00011111111010011111011110011110 11110100000000110110101111101001 00011110011010
00011111100100101101100110101001 11000110100000011111011110100000 00100001111001
01000000000000110101011101001011 11110011100001110100001001100111 00100111100001
10111101101100010001111110100010 10000000011110100111100100101010 00101100100111
11111010110001010010011001111000 01000001111110110110101011000010 00110010100100
01011011101111011110111000011110 11001100100011001001111010011000 00111000010000
11111010101011010010111111001010 11000111010110010010111110110000 00111010110001
00100111110111111101001100111001 11010001111011001110001100010011 00111110011110
10010001010011000110010010100110 01001000100100101011111100100010 01000100001100
01011101000110001101110111011010 10011101111011001011111010011010 01001001111111
11000100011111010010100111111010 01110110111100000110011101110011 01010000000101
10110110110011110011111000000010 11100101110000111100111000101110 01010011111100
11101010101110101001011000100011 01110011110111101111011100101011 00000100000100
10001010111100100101000010101000 00010110100111111011010001100111 00001001110000
10110111000010001011100000010110 10101001001011101101101110110011 00001101100100
11011111110001010101100100010000 11011111001000001001101010100101 00010011011111
10111000101111101101011011010011 11011110011111110000001010001001 00011001100010
01100101001010011010111101010110 11111001001000010100110110111111 00011111001001
10010001010011111000111010110101 11101100011110101001101011000001 00100001100111
01011010001111011110110001001011 10000000011101100111000010111010 00100110110001
01010111001000001100110011100001 11000101000000001101110000010011 00101100011101
00000010000101100011000011100001 11000001111000001000001101011100 00110101111110
00001100000000010011101111010100 10000100000101001111001000011110 00111101110110
11110111100100111110110101110110 01110110111100110111001110100001 01000011111100
11100000000011001010010010001011 11111101110110000110000111001010 01001001100111
11011110111011000010011011000100 10100011100100000100010010000010 01001101011110
10000110101111100101110000101101 00000010110010111011000011101011 01010100000001
00101001000110100101010101011101 00110110100110110001001111101000 01011001011100
10001110000111010110011001011100 10101011101100100000011001011110 00000100010100
00101001011111111001001100111101 11010010111011110010001001011000 00001010111001
11000011100111001111000011001101 00100001110011000101111001001110 00010010011100
01001110001101101011010011111110 01000101000010111100110000001100 00010111011010
11111100000011000000000111101101 00100111100101001001011110001101 00100000101101
01101111001110000011110001111110 00010110100110100001110101111110 00100100000111
00001101101101010011011100010000 01101011110000001010010011000011 00101010010000
11100011001000101101101111011010 01111011000101110100011001000100 00110000101110
11110001110100011001000001011010 11011101001101101111111001100000 00110101010001
11110111110001010110011001010101 00100100010010000000011010110010 00111101011110
11100100000110011111000011101011 01011000010101111100100010111001 01000010000010
01001101111000011011101000010011 10101101111101111111001111001001 01000111100111
00111001111010000110011000111101 01001111011100101111111000111010 01001100001110
00001110010100100010100000011001 00000100111001011011001101010100 01010001110001
01101000100110101010001110100111 10000110110010011011110010101000 01010011011000
10010000000111110110101101001001 01101110001100001001001111111101 01010111100111
11100111001110000110110000000010 01000100011010110101000011101100 00000111011100
11111010001001011100001000011010 01110101011011100101010001011100 00001101011010
00110110100110101100000101100000 10000000010100101110001000100110 00010001000111
01111000101000001111110111001110 10010101010011110000000100010010 00011001101101
00101000111001101111100010000001 01111111101000111110111111101101 00011101111100
00001000000100111101111101111000 11001110101101111010010011110011 00100110011100
01110011001010011111010011000010 10101101010011010000011100011101 00101110001100
11010110001100011010111011001001 11010100001000110000101100010111 00110011110001
00010011010000011010101011100001 10100001010011100010101110000000 00111001101100
10111000010010101101100011110010 10010110000011000001110111010010 00111110100111
10001011110101011100001101111110 10100111000011100001011011111110 01000110110111
00111010111110001101111111111111 10000010100110100111001001001110 01001101111011
11101000111111011101101101110101 11111100101010100110111001001110 01010001110110
01100110001000011110011101110101 10100010010111100010100111000101 01010111111101
00110100010011000110000101111111 01110000000111111111110001101010 01011100010110
10111011111110000001011100001011 01100011000010001011011100110110 01100100101001
00100111001011000111101000110000 11001100001100001001110110000010 00000100011110
00000100101110101010001101110111 11010110011001011011100011110000 00001011010011
10111001000101000011101001110110 00101101010100011111001111100100 00010011000011
10010111110111101110110111000100 00010100100011101000100010111111 00011000000000
10110011010100101110100001010101 01100010111001110101010011001110 00011111110011
00011010011110000000000111011011 00001001010110010011111001111100 00100010111111
11010101100000001110100000010100 01110101010100110011010011011100 00101011001000
01011111000100111011110111000110 01111010100100100110100111010110 00101111000110
01100011101011101001111010111100 01100100100001010010100111011001 00110010000010
00100101011011010000111010000011 11101111010101111011010010111010 00111000111111
10010110000100101001000011011011 00001011001011010000110000101000 01000000011100
10110101101101110110111001010001 01111110011001001010000111001111 01000101010111
10001010011111010000011011010011 01001100110001101010101110101011 01001010101011
01001111100111111011111111100000 00000010100001010010100011011111 01001110101010
10001011010111010000110111010111 00111010011010000010011001110000 01010010000110
11111101000011100000011000100100 11101001011011010110110010011100 01010111010111
00010101100001011000100111111000 01111001100010001111001111110001 00000011011000
10000100011111010100010000001110 11111011111001110100111011110011 00001010101000
00100000011110111111011101001001 01100100110110111010110100000001 00001111011110
10101000111000100111101000100100 01111110111101111000111001111111 00010010001100
01100001011111001100000100110000 01111110100101011101111101011010 00010100001010
11101110110101100001010010001101 10101110000110101100101111011100 00011100001100
11100110111100001001000000101111 10001011111011111111010110010101 00100000110011
10100010101010000111010111101100 01001100001010011010101010000111 00100110100010
01010101001101101111000010001011 10000100010001100110110101000111 00101010101000
00101110110001111000001101000110 11010001101000010111010110010011 00101111001100
00101000100110010001100001101100 01000100011011111101111101101001 00110011011100
00110101110101100110010110000111 10010001100000000010110100001110 00111000111111
10101010001111000110101001000000 00101111011000000101011111001110 00111101111111
01000101101100000000010011001101 11000110011100010001010101011000 01000011000101
00101111101010000110000110111001 11111100000100011100110000110010 01001100011011
01011001101011100000110110001101 10110011100000111101001010110011 01010010001011
01000001100110111010110000001000 00101100111101001100001000010100 00000010010000
00101100001100101101110111011011 01101110011001010100010110100011 00000111010101
01001000101111001101101000000011 10110100000110110000001100011011 00001111010001
10110101000011110101110011110000 10101110101100001110111111010011 00010100101001
00111011110100101101001111100111 11011000010011110101011010100001 00011100001100
10001000110101111100111100101100 10111100001111010010000101000111 00100010100011
10010011000100110111111100001001 00100010101011000000011100001110 00101000101010
00110100001101110010000001110000 01011000111111011000001011000100 00101111001010
01101001010000100001001111100111 01111010000001001000101100101110 00110101001010
00011101011111010110001010000110 01101000001100100011111100101001 00111001100000
01011111111111111110100011111001 01000101100001101111010101011011 00111110011110
11111001111001010110001110110000 10101000110001101001000101001110 01000010011110
01010001000100100010110000011000 11001010001110100111100100110011 01000110100111
10011111000011010100101110111100 00100000001001011101101001001111 01001100111010
00101011100100111110001100000101 01110011100101010111000101101000 01010001011001
01011001000001011101000000111111 01001101111110111100111100111101 01010101011110
10101111100110110110011011001000 01011110000011111001000011001110 00000100001101
01100100000110011101001110100111 00100000010111001111001000111100 00001000011110
11101100001010101001010110000111 10101001011011100010000110011100 00001100101110
00001111000101100000010011111101 00000001001011101000111011010111 00010000000100
00111011011101110000101101101010 01011001000010110001000110010100 00010010111110
11110101000101111111000101000111 01010000110111111000010011011101 00011100101110
01011010111111111111100110001001 10000010010001111011010001110001 00100001101011
01100010100100100111000111110100 11101101110110100001111111100011 00100110100001
01100000001101110111101010101110 11111101111101100100101000000001 00101111011010
11110111000011110011111011011100 01110110111010000010111001000110 00110111011010
00101111001010010011011101111110 11001110011111000010110001101100 00111011101001
01111100001111110010001000000000 00011000101110101011111001111011 01000011011111
11110110011110100000001001110001 11011011000101100111100100011101 01001000101001
01100010110100100101111100100000 10110100100011101111101110010101 01001111010000
10100000011000010000000011101001 01111011001001010011111101011111 01010011111010
00110011010011110000101011101101 00000110011101110100101000000001 01011001111011
01010010000100010111010100100100 01111001011111011100010001111101 00000100111011
00110000000110000010111101110100 00110101101000101001100001001010 00001001011101
10110100010011011000010100111100 01110111000000011110001001000110 00001101001101
11010000001111110011101111110000 11111110110110010011001011110000 00010000011110
10011100010001111111011100101011 10101101110111001001111011100010 00010111010100
10000110011011110111001101011000 10101010001000001101100000100000 00011011100100
11000101001000011111011010000010 00000110110010110010011111001010 00100101100100
00100011101100101000010001011111 00000100101001110111101101011000 00100110011110
01011110011001111100000000011010 11001000010001010100111011011101 00101101011111
10111000001100001011001000101010 11011100010100100110001100001000 00110000010110
11101011110101011111001111111111 00100111101010001101101101000100 00110111011010
00110010110101100001000011110101 00010011101010010111010001101011 00111100010100
11100100000100010110101101101111 11111011010111111101111011110110 01000001110011
11100100001010111000001010110100 11010111100001011001000111001100 01000100000001
10101110110000101110010101111010 10011110110001101011001010100001 01000101101111
11110101011010101110001001000010 01011001110010101110101100111011 01001001111011
10011010111010010101111011000011 11000111111101000010000111001000 00000001111010
00110100101100000100000100100010 10010001001111110011001101100011 00000110010111
10000001010101011010001111011111 00100111100010011111100010011000 00001011000001
00101110010100010101010001000111 00110100001100000101001111001010 00001101101100
01000001110101010110010100011111 01100101100011000111000010011000 00010001011101
00010011100000111110010001001000 01011001011001000101110000000010 00010110010000
10110000101011111101001000011011 01001101000001110111111100001000 00011100000001
11111101001010001110110111010011 00111000011010101011000110100011 00100001110100
01100100100110010000100010011111 11011111010010110011000011000100 00100110001010
10111001100001100110110011001000 00011100001110110111000000010100 00101100101010
01011011000000101001000100010111 10000000110101011001010101000000 00110001001111
01011000001011011111100111101101 10010100101011101011101000110101 00111000000011
10001110100000010100010110100010 10001010001111110111001100011110 00111011111011
00110100010110111010001101001110 01111011100001000111001100110110 00111110110011
11100110000011101111010101010100 11100011110100100010110100110110 01000101100000
01011000011001100010110101001001 11110111101100000101000101000111 01001001101111
10000100010000100011100000111000 10110001101100101000001011011011 00000110001010
10001110111000110100001001100011 10010001110101100100000011111011 00001000110100
11101000011100101111101011111011 10010011001101101000110001011011 00001111010011
01010111010010110001101100110111 00010100011000101111110101011110 00010100110110
10110010111010110001010001110111 11111011110111110011110010000010 00010110111110
10010111001110110110010010101101 01000100010000010100100010000101 00011001011011
00011011010000101010100110011110 01111000010011100000010010000101 00011110000010
11101010000100010011011001000100 01110001100110001111010111110000 00100111101101
11011110001001110001010010110110 00000111001101011100101100011011 00110000100100
11010101101100010001001110111001 01000100001100111100011111110101 00111000100011
11111001001100110111000000111000 11101101110101110000101000101111 00111101000010
10010111001110100011100110010110 00011101000011110110111101101110 01000001000101
01110110110100000010011011111101 11011001011111010110100111010101 01000101100110
11110101111000100101010010110001 00100000011101101110100110001010 01001101100011
11101011110000011011101101000101 01010110010010000100010110000000 01010100100010
10100000110110101011011100110100 01100000111100101111110111011001 01011001100101
10100110001000001101000001100101 00100000010010011100110010001111 00000011011101
00001110001110000011101011110110 00110011101001001111001110110011 00001001101010
01110111101100101101001100100111 01100011111110000111100111000101 00001110111100
01001111010111011000111101011011 00001011000111000111010010100110 00010010100111
10000101000110110011001100010110 00011011110001011010101000111101 00011001011001
00110100110010001001101010101110 00000110000111001111100100100001 00100000011111
00011011000011000100011000100101 11011010010010101010100001101000 00100111000001
00000001101100101110110101100000 01010101011011011000111111001101 00101100100101
00110010111110001010000101101000 10111111011011010010011101111101 00110011001100
01111100000111001011101111110111 11010111110101101001010101001110 00111010110000
10001010010011011111110000100001 00011111110000010100000000110001 01000001011011
01101000111001100111010100001010 10010111101001010011000001011100 01000101100010
01110001111101110000110010100101 01000011101101011001110110001101 01001001111011
01010000001001101010110001110110 11011110101101001101001001011001 01001111011010
01000011000010000100110001000110 00101101001010100110001110101111 01010010010010
00111110111011111111001000110011 10111011000001000111011000100101 01011010000100
01000101011101110001110011001000 00010000011101010010100101001011 00000011000001
00010111111010101110110100110101 01101001111111111011111001110001 00000110010011
10100011110101000110111100001011 11001000001101111101011100001000 00001011000000
01111110000010000110110000001110 00000100011110111001011111101001 00010010110011
00111010000010001011010110010001 01001010011111110011000010101110 00010111011100
00101101010010110100010111001010 01000000101100011000001100010100 00011101001001
01000101111010001010100011011101 01001010010101100111101101101000 00100010000010
00111000011100110000110000101111 11101101111011000001011100101011 00100110111111
11101110110110001001011000001110 11100000101001101001111010011010 00101010010011
10111111000101010010111000111011 00011011111110100111100011111000 00110100100011
01011011110000110010000100010000 10100000100101011100110110001110 00111011000000
00100111010111100100101101011000 01010001111001100100100000100110 00111110100111
01001101010001111000100111010011 10100100000100011000011110100100 01000001100101
00100010111111000011010111001000 01010101011111111100011000000001 01001001101101
00111010000100001101101000100100 11001111100010111110111101101010 01001111011000
10101001111001110001111111111010 00010100100001110111100011010100 01010101001100
00000111101000110001110110110001 01100111011010111111111100000101 00001000100110
10111110011011001010111011110100 10001101111100001000010001101110 00001110001011
00111000100100001000010010001110 01100001111100001011011101010100 00010010000001
00100001101101101111000110100111 01110010101001011001001001100111 00010110000010
00100010100011100010110000101110 11111011011100111101011111100011 00011111010110
10100101000000100011111111110110 10000000110101010111000000110100 00100111000001
10011111110100100110011111101010 00011110010011011010010011110111 00101100010001
11100101001100111001111011100010 01100000011111011001101111001000 00101111111101
01110001101011010010101101001110 11100000000110000110110100011011 00110101110110
11011111001110001011101011110011 11100011000011110110110100001111 00111011010100
01001010110100100100111011100010 11100011010100111010010111110000 01000001010001
01001001000111100010011101001100 10011100111010101110110011110100 01001011011101
00011011101010000001000110000111 01100110010101001011011010011011 01010000110101
10101000001110010100001111010000 11100110101000111111110100111011 01011000101100
11100001001000000101111001000110 11011010101100111110010101010111 01011101011110
11101101010101110101101110011011 11001101111001100001110110000100 01100001100010
10111000000000100101001001000000 01110111111101101000110110000001 00000110110001
01100101010011100101111011101110 11111011010001001000011101010010 00001100010110
11001000101000110011001000011011 00011010011100100110010100010100 00010000101111
10110001111010101101000010010111 10001011100001101100101101000110 00010100001111
00110001000001111100011100011011 01101001100010111111110010111111 00011010100100
01110101010001011011111100101011 11100000100011110010101111001100 00100010001110
00111011001110001101011101010100 00010101100101101111010000000011 00100110000000
01110010010101101110011010001001 00111010000011110001100001100010 00101011110100
11011000110011011110000110010110 10011111010101010001100101010100 00110010101111
10001001101110011001111100101010 01101011001111101010011101110000 00110110010110
00011111101100111010101001010110 00111001010011010101100010101110 00111011000000
00001110011000011110010000011011 00101011111010101110011000110110 00111110000011
00001111011010111100100011010001 01011110000111001101010110000011 01000001111100
11111111010000010010100001011010 10111010111000001000110100001010 01001000010101
00101101010110011111001101010000 10000010000000111110010010111101 01001100111100
10010011101000000101011001111011 01001011111101000011001001110000 01010000000111
10011101111011000000010100111010 00101010101111000111000011101001 00000110111101
11001010010000101010100100010011 11101101000110001110001100111000 00001001101001
11010000010100011001111110011110 01110011101011101101001110001001 00001101101100
01010110010000001011010100111000 00011011001001010000011000111110 00010001110111
01001011101100110011101111110010 11111101110100101001011101100111 00011000101111
11100111010000100111111101111100 11011010101100000011111001010110 00011100010001
00001110001100010111110001100100 00101101101011101110101000010011 00100001101100
01000000110011110010100000101111 00000101111110001011111000000000 00100110010101
11111101100010010000110000000001 10101110010111000001001110101110 00101011000101
10001101011101111000101001011110 10010101010011010010010010111010 00101110111001
01010011011100001100110010011001 00110101010101111000100010110010 00110001001101
00011101100000101010100101010100 00101000011111111111100110011110 00110011110101
01001010110001011000110110110011 00010100111111111111011110000001 00111000000001
01011001110100011110101001110111 01110111111010000010111110010001 00111100001011
00010100111111010001011010000100 11010001100010010101010000000010 01000011111100
10101000101000100101100100100110 10101101010010001000001001110100 01000111010010
01000000000010110100110010101001 10001000110011111011010001010011 00000111001010
01110011000100010101001100101001 00101000101010011110110010010111 00001110110100
01101001100001110111110100001101 11100111110111101011001011111011 00010110101100
01010011001011011101101001100001 00001000101000010101010111100011 00011101110010
10101011100011101100011011101110 11011000110101111101110001101111 00100001111101
01001010110011010101111100011101 10110010101101010100100011100111 00100111011110
10000001010000011000011100101000 00110111100010011111100101010101 00101100001111
00100100110111111111000011110111 10010101101110110110101001010110 00110011001011
00010101011110101011010111000101 01111111000110101011000101011101 00111000000001
10010010011000110111100011010110 11101100111111011001101110000000 00111101101110
11111010111111001111111001011010 01011101010110000110101111011110 01000111000110
00011010010111000100011110101010 10010000010010000100111111000100 01001001110010
01001011000111010111101001001001 00010000101001010010101001111100 01001110111000
10101101000101010010111100101001 00010111100010011110000111110000 01011000111011
00001111111001100100000000000010 01000111101010001110001010110100 01100000000101
11000001011100010010101010110110 01000101011100001100110111111101 01100101101100
10100011011001000100100011111111 11011011101111011000010011001101 00000011111111
11010111000101001100101000000010 10110101100000101000011001000001 00001000010010
11001011110010101101100011111110 00101111101101000000111000100010 00010001101010
00000100110000000110100001000110 10111101111000001110011100000100 00011000000100
10110011111001001010010011011010 00111011100011000000110010110000 00011110010110
11111000000001011111010001110100 11000011110111110111100111111100 00100110101000
00101001111010010000111100000101 11111111100101100001111111011000 00101110110100
01110101101010000110011110000011 01011001001001111001000111101101 00110011100101
11010110001000100000000010001101 10101000010011100101001101010110 00110111001001
01011000001011111101001110011011 10010001101010100010111111100111 00111101101101
01010011010100110110110111100010 11011010110000100101111101111111 01000011010100
11101011110111110101111101100110 01111000000011101001100011011110 01001011001001
00000110001001011110000111111100 01100000110011010101001100010111 01010100111110
00110111001010011001101100000001 11000101111101100110010101000101 01011100010011
11011010011110010101010011001110 01011010100101101110100101100001 01100010110010
11111000111010011110011000100001 11000101001110001000011000111001 01101000001110
11001011000011001010001001011011 11010010110000110010110010110101 00000110001110
10001110111101101111000111010101 10101111001100011000001101011101 00001101011010
11100111111011100000010000010001 00100101001001100110110110000110 00010111000010
00110100011110110011010000110000 10001011001001010010011111011111 00011100101011
11010110100000001111010010101111 01111111011010100110100000101010 00100010101001
01001100110111011010110010011010 10001101010000101110100001110011 00100111101000
00111110111111110110011100001001 10100000101001010011001100001100 00101011011011
00000100001101100010010011010011 01011100000110001100000100111101 00110010000100
01010000010011100111001100000011 01010110110011000001001110111111 00111000100100
00101110011001101000001000110010 01111100111111101101001100011010 00111101110011
11011000000001110101101111000111 11000010000000001000101000010000 01000001110110
01000100000110010110100011011111 01011010010010000000101010001010 01000101101110
01000010010100101111001111000001 00110101101000100101000000011010 01001100010101
11001011100110100100110111011111 01011101111011100010000111011111 01010000000011
00001110100100011101110011001110 11010100111001100100100100100000 01011001011111
11010111100010111011000001101000 00101101110000111111101010110101 01011111011000
11010101110001000101111000100110 00110011000100100101010000101101 00000101100101
01110110100110001100000001000110 11110111000000110110011110100001 00001100101111
01111100101011011010110010101010 00010100100110000010111100111100 00010010010111
11000101111000111100000111000110 01010001011101001110111101000110 00011000101000
10100111011100110011011110000011 11101101010111001111100111000111 00011110001011
10010011100010101101010111011001 01001100000110011100011100111001 00100011110001
10011000101101000111100100011110 11100100100110011110000010110100 00101001010101
01111001001110011000111011010111 00010000110010010101111101100110 00101111101110
11100011111111000100000010101101 00111010001110110010110100000110 00111000010010
10001111100010000101001110110110 11110100111100110100000010110111 00111011110110
11010101111100100010110000101110 11101001001001011011110100110111 01000001110001
11010001111000001011000111010100 11101100101101111001011010011100 01000100001000
10100011100111100010110111001111 00100000110101100110010110110111 01001000010011
11011110100111100111010000101011 10000100010100101010101010101010 01001101101110
01011110000100111110011011111101 00011011011010111000001011010100 01010010010110
10001010101100111010100000001101 01010110111010000001110111110101 01011001110010
00010111001100100111110111100101 01110110111111011011001100010000 00001000110101
11011100110000011010111110000101 01110100111111111000110011010100 00001101001101
11100010001111100100000011110000 00010100101011000100000100110000 00010101001010
10001010000111101111101101100100 01011000000101001100111000101011 00010111101100
11110001010100101011000111111011 01000110011110110101101110111100 00011101010101
01000100001111001100010010001000 00000001101000001000011110011010 00100001001011
11001110011101010000110101010100 10100010010010111101011110100111 00100110111110
00010101001110010110000010100101 00001001110110111111011000101001 00101101111110
11011011111110000001011100110100 11100011111110000110001111101111 00110010001101
10110000011100101110000100110000 00000110110100100110001100110000 00111000010101
00110011110001111001011101101101 11011010010111100110110011101001 00111111001100
00100111011111001001001001000000 11011110100001011011111001000010 01000010111010
11101101001011001011100011110110 11001110001111001010011011110010 01000011111111
11101101101001110111101010000001 10100010100000110000100010010010 01000111110001
01001000100101010110110000011110 00011110001001001110101001110011 01001101011111
01001110111011101101111010100000 01100001000010101110101101100110 01010010011101
11110110011110100101000101101011 10101100001011011101011111110111 00000110101001
01011011010111110110101011001110 10100001011001000101100000101110 00001010100110
10111011100000100111001100101011 11101001101010001111010011110010 00010001000010
11110101101011101101110010110100 10111000011110111000000110011000 00010100101001
11110001011010000001110010000111 01101110011110000011000000110001 00011000100110
10000110000010000101001010000110 10010001010010110111111110010110 00011010110001
10001101011000111111010110000001 00111110001011011000110110001100 00011110101001
10101100010110100010111010000001 11001000011110010100011101000011 00100000111011
00111100100010110011111100100000 01001011101001100100101000110100 00100010000100
01010001100101011011111110010010 01010010101110011010100011010010 00100100000000
10110000011000010010010001101000 00111000100100010001101011010011 00101000011101
11000010110010110101110001011101 11100110100110000000110001100001 00101011001000
01111101000110101110010001000010 00010101000011010101010111110111 00110010000001
00010111101111100000010101111110 10000111101001111000010101000101 00110111000001
00000010110011110111110101100010 00000101000110110111001000101100 00111010111001
11011100000011110111101111011001 00110001110010001101101011101011 01000010001110
01111110110110000110010001111110 01000100010111101110000000100100 00000110001010
11100001100011011010011010100101 11111111110100110010000101001000 00001011010000
11110100001011011110001101000001 10101100111111010000101000001110 00010011110100
10010101001001111000101111100100 01001111111111000111000011101101 00011000110011
10111001000011111110000100101011 00100111101110000111001110111111 00100001110000
00000010110000111110010110111000 00110100110111100011111000000011 00101000011001
10000100111100110010100010111000 11110000101011100100001100011100 00101110000001
01111001110010100000010101010110 11101110110110010111001100101111 00110010011010
01110001001011101001001111101101 01101011001011101001101110011011 00110011111010
10100100111001010101000001110000 00000100001001010011001010001001 00111010010001
00010100000001100000011001010110 01010010110001001010111111000111 01000010100111
10100101111100110001001100110000 10000000100101100110101000100001 01000110001111
00110110000000000110100010110101 10011110101100101100110111100110 01001100111111
00000100000110101111100111100101 01100110111110001010111010110111 01010011111000
10001100110101010000101000110000 11101011000000111110111001100000 01011100111101
01000111001011110110001111100100 11011011100100010011000011001100 01100001111110
00011110101111011101110011100101 01111101011010010011010010010011 00000110101101
00111101001001000010011111111011 00000001111010000010111001000110 00001101101001
01100000101001000100110000101011 11110001110011011101100111010001 00010101010110
11011111100101101100000110111100 01100010010101001001111001101001 00011010001011
01010110111100110010101001111110 10100011010111110111011010010000 00011111001010
01110100011000101010000011100000 10111010010111001010101000000001 00100011111111
10001110111101110111011000100000 11111010011110100101010011100111 00101011010001
10011101101110110010010010110110 10010010011100101100000011110010 00101111111101
10100000011011001000100100110010 11001001001111101111100000001011 00110011101010
01111000000010010110001101011110 11111010111010000011110011011101 00111011110001
10100111110011111010000000100010 11111100101111100111110001111110 00111111010111
00111111011100011111000011001010 01010101011011101110000101111000 01000001010001
00010100000000110010101000001010 00110001000111011110101111001000 01001000000111
11011101101110011100100000101010 10001000001001111000010011100101 01001111101101
01101001101110111111010111011000 00001000110000100001110000000101 01011000000001
00110110010110000101011111100000 01010010011100111001011111011011 01011001111101
01010001011010000010101100010100 01011011000010100000000001110101 00000011110100
00110100101000101011101110110111 11000010011010101101010011000010 00000111011110
00100010110111010111100101001100 00101011110010001011010001010111 00001001000010
00011100011100111011111100011011 11011000101010100111000000110000 00001110011001
01101101010000101101111110111101 10011011001110000001001100011111 00010100111011
11101100101001001001010000111010 01111001101111001100010010011101 00011001011001
01001111000110101010011111100011 11110111011101100110110000000000 00100001111011
00010001000000101111010100111010 01010100101110000110010000011011 00101000100100
01010001011111100011000000000100 11101010100101011101111010010110 00110000010100
10110101010011101100011101011011 01011001001010110101010000010000 00110101010001
00010010000111010001100000110101 01011001100010001111110101011010 00111100001101
11001101111000100101110010011011 00011000000010110101100000010000 01000100101000
10110001011001001000111010101100 10110101010011000101001100001011 01001000100000
01011010011110110011111110010010 11100100001011100111001001001010 01001101110010
11110111001000010101100011000010 10111101101111110011011111010101 01010001111110
10110001011111011010100111001001 10001111010010011000100111100111 01010100010010
11110000111111010100000100001110 11101100100010110001000000101000 00000011000001
10101101100001011111101111010110 00001101101111001010101100111110 00001010000000
01101001011001110110101110110100 01101101001011100001001010100111 00001100100011
10000111101100011111101101100111 11100101001010001110011100000111 00010001111110
00100111100000101011010011001011 11111110010100010010011001100100 00011001111011
01110001010111101011110110000010 00110111011110001010010110010000 00011011110101
11110011000001100010000011011011 00100101011000110010101100000101 00100100000001
11100111001010101001010100101001 11110001001001100000011100001110 00100110111000
01010110101011011010111001000010 10111011111101101000100110011111 00101011101000
00010110110110111100011110111010 01100101010000011101101000111110 00110001100000
11110001000100101001000001100010 00111101100010100111110110110110 00110111110011
00100010010111100011100001100110 11011001011111011101011101101011 00111101101101
11000111110000001100111110111011 10110100100110101111000000001010 01000001111000
11110111000100001100111111001100 10111011001011100010011011111011 01000110101010
00110000101001000011101111001111 01100101110000111111011001100001 01001100100111
11111010101111111101000001010000 11011011101011101001100001000011 01001110011100
00101100101011100010100100100011 10100010101000001111110111111100 00001000110001
10101101011111100011001011001000 10011100100000010000000011001010 00001001111001
00101001101000111001011110111111 10000111101011100110011100101010 00001110100111
10011111011010111110110100010000 00111110111111000101000001101000 00010110001110
10110101011100010001011000010100 10110011100010100101111011001010 00011010100111
01111011110011101101110110111011 11000110111111111010011101010001 00011111000011
11100011001111111001111000010101 01000000001101010101110100000000 00100011000110
00011110010010000110000010100001 01100111101001000001101101011101 00100111110100
00110111010000011001000000011110 11100100001011001101000110010100 00101101101101
10111101110000100011111011000011 11010100001011010011111011001111 00110000100101
10011110011011110000100110000011 00000111111001101001011111110000 00111000101110
11100001001111001011101100001011 01100010001011011010101100000110 00111011010001
00110110100111000100100111000111 11010011111001011000000001101001 01000001001100
01011001111010010100111011011111 01101101111110110011100010010111 01000011010000
01010110111001110001010011011001 10000000000110100011011101100010 01001001100001
11110010100011110111100111001110 10111011010111001111001010011011 01001101110111
00000101011110011011011110110000 01000111101100111011110100011101 00000100010101
00001111001010011101000001001011 10100011011101100110111000101111 00001001110100
01011001001000011010000001111100 01100110001100000111011110111000 00001011110101
01011000011110011001000110101000 11111000101110001010110011101101 00010000110100
00001101110110101010101110110000 01011011110101101111000011101100 00010100000111
11010101001101001111000011010101 10001110110111111001011010111011 00011001101101
11111110111000010101000000011001 00000110110101000011101011010001 00100001000000
10111001000101001110011001010100 00100111011101101011001000000111 00100110110101
00010100001100100001101111000011 10000010011101010000111100011111 00101100010110
00000001111100010100101000010001 11001011100100100000000101111111 00110011110110
00110110011000000111100001110111 00011011011001101110011001000111 00110110110101
11101000110010000000100011000000 11010011001111000000000011111001 00111010010111
00110000011010000111010111001101 01000010111010000001011000011011 01000000111010
01110111100010001101010000001010 00001011111001101101111001100011 01000101100111
11010010001010011010110000111101 00011111000100011001000011100001 01001011110010
11101001011000101001110001111100 00101001100110101111101000100110 01010010011110
01000011010110000010010110100000 11001000100100101100011110001010 00000101110111
00101101110000011011010110110111 01011100010111100010100000011001 00001100110100
10010111011001000100011001011000 11111010011101011110010111001101 00010010111100
01111110110001110000011100010000 11111100000111100010100110100000 00011010010101
00110001011101111111111111111111 01001100110000000010110110011011 00100000101111
00100010101100011110110000110001 00001101110100110000011001001110 00100101101001
01110110001110100010110100010101 00010100011011010010110010111011 00101010100101
10110110011010011101100010111000 10010000011110010010100001011000 00101111101011
11000110100001010110101000111110 10100000000101011001100100110100 00110010111010
01111010101100100101000101111001 11011000011001111110111010101001 00111000110000
01001100111100011100011111010010 01000100010011100110001101111111 00111110010010
01011010001110010101000111001000 10001100110001010010110111111101 01000010101001
10010010110001010001010010110111 00011101001101011101100110001111 01001010011011
11101001111110110100001101111000 01110010001111010001000001110101 01010000000110
01101000101110001011001111000101 10110101010011111010111001011110 01010100101000
11110100110011110010100011100010 00110010010100110011000010110000 01011010100000
00000111110000001010100000000110 01110111001110100010110100101101 00000110011000
01010110101110100011111101110110 00111001001010101011100111100110 00001100101111
11000001011001001111111111010100 00111010111110010111001101111100 00010100101111
10011001110111010001011000110010 11101010011100001000110010001011 00011010111100
00100001100001001001110100101110 01011010001011011010011011110111 00100000011110
01001110010001100111000010001000 11101100001010001111010011000110 00100110011100
10100100110111010000001110001100 00110101010101110101010011110100 00101101001010
10000011111001111100101011001110 01101111101111101000101011110011 00101111101100
10011111000111101001101111011001 11010111110010010010000001111111 00110110100100
11101011010100100001011110010110 10111001011010110000110011111101 00111001100001
01100111101110001111010110010101 11000010100010100101101111011101 00111111001100
00000111100101100011110111111100 01011101111011110111110100000010 01000110110101
11010101000100010100011010000010 01110110110000011111001011011010 01001111001000
00110101100001010011001001100101 00100111110001100111100111111010 01010011110011
01110111011111111101001110011110 10011111000110100101110011010110 01011000101111
11011010000001100010111110010101 10110000010000110111100100001011 01011101101010
01100111001101100010110010011101 11110000100000110111110001011001 00000101101010
00001101001010010101001000101110 00111101101000000101010110111100 00001010100010
10110001010010011110110101011111 10001110001011100100110000101111 00001110110001
11100100001110001100101000110001 00111101010011011011110011000001 00010100001011
00101111001111111011111000011000 00001110101010100110101111101101 00011010111111
01010001101001010111110011101000 01001101110110111110110101111010 00011111011000
00101000110010110011010001010111 11001111111101110000010001101011 00100011101111
00001100100001011000101101100101 00000111001110011100110101001101 00100110011010
11010110100011110001100111100101 01100001001000100101001101010000 00101101001011
00010110010100000110110011011011 10100100001010101100000001110101 00110010111001
00100010001111100111110001101111 11110100000100100101000110111011 00111000101110
11100011101110001100110101101001 00110010101101100101000101011011 00111101101011
00101010101110100110001001000101 10111110101011101000001110010001 01000001111000
01110110001100110110011001111011 01001011111100111100001100110001 01001000001010
00010101100001110011100011010001 10111010011110011010011010101011 01001101010001
01101111011011000011111001101011 01110111010011100111010100000111 01010000010010
10000110011001100010110110110010 11111001001101000111110000111001 00000101101101
01101011000100110100010110001010 10110011001001111010110100110110 00001010000101
01110111100011111000100001100001 11110011000000010010010001101011 00001111111101
10001101010101110110101011111000 01010010111001101100011001011100 00010110111111
01110010000001010101011101010111 01010101000100100011000100010101 00011001010001
10100001011011100010111101100101 10001010110000011010111101010101 00011101001011
01101000111001101101001101011111 00010001000111111111011001100100 00100010010001
10010100101101101101100111111000 01111001001101011111110111000110 00100110000011
10111001110110110100011011100010 01011010010100010101100100000001 00101101100000
01101111101001010111100000100101 11011000100010001111001111101000 00110100100100
01010001000100110011111011011001 10100011101011100101101000000011 00111100000011
10111001111000101100111101000110 11000011101001110001011101000011 01000000000011
01110101011100101111101111010010 11000011010011000010001111000110 01000101011011
00100000010101101100100110110111 10011110011101111011010000000010 01001011000100
00001110000000111011111000001101 10000010111111011110000011101110 01010100110101
10101000011110010101110000100111 00010100000001011110001000001011 01011011011111
11000010001010111111010101101011 00001001101000101100010101001001 00000110000010
10001111000010010010110101110100 10011001100110011100000110101110 00001011101010
10000010101100010010000100101011 01000001100111010010110111100110 00010000000110
11101010101111110010010101101101 01111010010101000101101100011001 00010101101011
00000101001011100110100100010001 01010111000011100111000110000100 00011001011000
01000010000011001000101100011111 00100110001100111111101011011010 00011111000101
10111110111100111000001010011000 10001110010100111101101111010100 00100100101010
01000110110000101110111100010010 00100000001111101001110010111001 00101011001110
10100100110000000010011010000111 01001101011000100111010000101011 00110000101101
00100010101101010111110100011101 01010111011011101100001000010101 00110011110110
01101111010111001111010110101011 00010011110010001100100100000101 00111010010000
10010100010110100000010110111000 11101101011010110010001111111011 00111101011011
00101110001100110010110000011111 01101101100011111000010001001100 01000001111011
00111111000100001011110000100101 00010001011000101110001111001100 01000111001001
01011111101011011011110000010000 11101011100001111101110011111110 01001110001001
10110100100010101001101100111011 10001101110110110100110001111110 01010010010011
10010100010110000100111010100110 00000101010101001001100110101000 00000011100000
01010111110001000110011001100001 11011100001100011101100101111000 00001010000010
00001100110001010001010010011000 01110101110111111110010000111101 00010000110000
01001111111000111110011000001100 11011110000100100001000110010111 00011011110000
00001111100001101111110101000001 00011010101101110110001000100011 00011111100101
00010100011011001001110100010110 11011110111101000111100100110000 00100101110101
00110110010111011011101111010001 01101010001110111010100001111000 00101000110111
01000000111100001100010010011110 11010101101001010001100100110011 00110000101101
10001110001101011000101001011001 11111010100111010111011011001011 00110110000111
10111100010111100011111110111011 11110011001001111110110111011100 00111011000100
00011101111101000101100010100110 00101010011011001110101110010011 00111111111111
10100000101011001000001111010100 01100011110010111100111110011100 01000011011111
00101010011001011011111010110101 00011100010101110011010010111010 01000110001010
11110000100111001000011110010001 11001010111011101011000100000010 01001010111011
11010010010101011110111110001001 10010100110001101101110111100001 01001111010100
10101010100011111100001111100010 10111111000001010110001101010000 01010101100101
11100010110011100101011001111011 10010011100111010001010001011000 00000011100101
00100000101000011000000101101010 10011111010010100110100111011100 00001001000101
10010100010010111000001111011111 10110100010011000011100101010011 00001100111100
01010010011101011110011110010111 00101000010010101110010010111100 00001110111001
01111100011010001000001001000000 11001010111101110111100111001111 00010100101110
11100100111101110001100101011111 10001110100001001001100011101001 00011100000000
00100010000110011011000010010011 11100010000111001010010101011001 00100000001000
00001011110101011110011000100011 10110100010111100010100111001011 00101010001101
00011111001000100001010101011001 11010001110111010100011100111101 00110001001000
01110101110111100100111000101111 10000011011010100011010010111010 00110101101111
10000001011110010001100011010111 10011010000110001010100000001100 00111101000100
00100000000001110110000101100100 11111110101101001000000110100010 01000100101101
01110111100010111000010100100011 01011001001011111010001110001100 01001000101110
11010110010001100111011010000110 10111000001001001111101011111111 01001101101011
11110111000000100001000100000111 00111011001011000001101101010100 01010010101000
00101111001001110001000111011101 01101101110111010111011010000101 01011001011001
00000001110111001011011110010101 11011101110101111000000100111111 00000101101101
00101101111110110110110011001011 00101100011010101101101100110100 00001100000101
01001001001001011000100001110110 10001000001110000000010110011110 00010000000010
10110001101111010100110110011110 00010100101010111000000100001010 00010101111001
01100011000111111110101010110100 11111110000000111011110000010111 00011011111011
01111001010000000010111111010011 10011110101011111011011001100101 00100010000100
11110100100110101101110001000011 11010011110100100110001100000100 00100110010101
11100000111111001110110011010000 00101001101101011010111101100011 00101100111101
10110110110000010000111101111010 10011100101000011110100111010011 00110010101010
10001000001101111001001101001111 01011010010101111111001010011011 00110110100011
00101011110010110011000111001011 01011100010100110111111011111001 00111011000111
10100101000001011100011101000000 10011101110100100001100010010010 01000010011101
00001000111010100100101101100110 00100001110101111101101101011100 01000101100011
10001011110000011110100011000100 01100010000110110111110101111010 01001011100111
01010001111000011001010011000111 01100011100101000010101000000110 01010001110001
11010010001100111101100000011100 01011011010110100000000000110110 01011000000001
11010101110010011000010100010101 01100110010000110101111001011010 00000101100001
00010010010010110010101110100100 01110000011101100110111001101000 00001001101001
00010011111111110100001010100010 00001011000110110010110000111000 00001111010101
11000111000111000110100100010001 00111100110100101101000011111101 00011001101001
01110011001111110101010110000011 00101110001011011111101001110011 00011101110101
11010000111011010000110111101111 11011001101111011110110000001101 00100101101111
10001101001000010011000101010000 10001111101110110101000010101001 00101010000011
00110111001001010100011001000000 00000011001000100111100010111101 00101101101001
10111100001001100010001010111011 11111000010111111100000101100110 00110011010010
00010001000110110111001010100010 01101000000011010010010011010011 00110110110110
10011110100011101000110001011111 00111100111010100101011011011011 00111100100110
11101010101111111001100010010011 01111000001000100111111000000011 01000011011111
01011101010110011101011110101010 10000011010000101100000010001100 01000101010001
11111111110001011101010111010011 11001001101100011011100110110010 01000111011000
00101001001011010100100111101010 01111011001010110100100011101011 01001000101110
11011100111011100001111111000000 10100001101010001101011110111000 01001101101111
00101110101000000000001001111101 00001110011010100111001100010110 00000100101110
10010001111010011010000111001000 01101011000001001111011000110001 00001100100101
10010010101010011100010011110101 11111110011101110111000001100000 00010010101100
10110100000110010010010111101100 11101110100110001010000000111011 00011010010001
01001100001011000101000110000010 01011010100101000000100010010111 00011101100101
00110010000111111010110100000100 00101101001010011101100010101110 00100001001001
10101111110000101110000110100111 11101111000011100011101000011110 00101001101101
11111111011111001110111100101000 10001011100011111101110001000000 00101100011111
00110110110000011101100100000100 10011011101011110010011011100011 00110100101000
11110110011001111110100001100010 00011110100000101001010000010101 00111010111100
01110001100010011011010011000011 01110011010100000100101010110100 00111101110000
10100001001100010111000011010000 10000001101001000100011111111000 01000001010100
00011000101011001010010101100110 01110000011010011001111101110111 01000100000110
00011001010000101100100000010110 11111111100101101101001100001111 01001001010010
11000010011101111000000000110010 00101001011100011000011110100011 01001101101001
00101000010110101000011010001111 01101001000101101100001100100001 01010010011001
00101000011101010101001011010010 10100010111100111100000000101101 00001000001011
00101111000110111100010011110010 00111000100110011101110101110001 00001100101100
01110110101110001000111111001110 11000111010110001110000111100010 00010001000011
01001100000100101111000010001000 11101001011101011101011101011000 00010110001100
01100110010100011101000110000110 10111001011001000000101111000111 00011011111001
10110111011101000011010111010000 00101010100111001010011000111001 00100010110110
10010011001101001100001001000101 01100011110010011011111111011100 00101000010101
00100011111000110011110111110101 01100001100101011101010010011100 00101110010001
10110101100110010000000010110000 11011110001000110110000010001111 00110010110001
00011010010101010100000100001010 10110100010010001101000111111001 00111011010111
10000001010100000001101011110110 10001100010001101101000110000100 01000000010101
01000011111101001110111100111100 01100001111000111100001110101100 01000011100000
00011111000100010101101001111100 01100000000111011111100011001101 01001000011100
01101010011001010001110011101011 11110001010010010100000011010011 01001011111011
01100001000011000001001010010000 11001010110000001111011111001110 01010100111011
01100110101101000000110110111111 00110111101000101011100001001101 01011010011001
01100111100101101101011101001101 00100010010001000000001011110111 00001000010110
11110011011110011001100101111111 11000011110101100101101011001001 00001100101100
10111000000111001001000101100101 01001111000100100101110110010101 00010000000011
01110111110010000100001101100010 10111001010110110011011101111001 00010011010101
10101111010001101001101011010111 11100011100011001111100110010100 00010111110001
10011101100000110110000111111010 11001000110110001110000110010110 00011101010101
10000101100110100100000010011000 10000101001110111101110111100111 00100010100000
11101001010000101111100100011001 01000111101011001000100001000001 00101001000101
10010010111111101010011100010101 01010111101101101011110100011101 00101011100110
00000101001001101011101000110011 10000010000010101000000001011100 00101111100010
11111100000000010000011001011111 11111100111101000111100101100000 00110101001001
11010110000010011000000100010010 00010101010010000000011000110001 00111011100011
00111011001100100010110111100110 10010100100000010000010110111101 00111111011100
00110001111101001100001110101011 10110111010100001000110110011110 01000101001001
11010011000110011100001101010011 01100110111001100001111100100111 01001101010011
11110111110001111101000010110111 00111100110101111110101100111010 01010010110110
10011100001001110000001000111001 11111100110001111111100010001101 00001001001010
01110101000010100000000001110110 11000000100011000101100111001101 00001111000111
11001101010111011111011100110011 11011011011000010011011110110110 00010100011100
01111101010011011001001110001000 10100101111111110000101110010100 00011010001010
11011100101001000000101000010001 00110111111111010010010000100100 00011110110101
00110110001111111110010010010111 00101010001101100000010000100100 00100100011101
01100111010111111001001111101000 00101101111110010011100110011011 00101010011000
11011111111011111010100110001000 11111010001101000001010000101101 00110001011110
10011110000011011010001111011111 10100100000011110111001011011000 00110010011110
11011010000100100000111100010100 00101001110110101100000101001001 00111011111110
01001010000101011001111001001111 11010001010111001001001010000001 01000000001010
10100100100010110100101011110110 10000111001111000011010111101100 01000010010101
01010101111000110011111101000111 01000111111010000010100001011001 01000011010001
01010001100100100001110001011110 11011110110101100010110000100010 01000111101110
01011000001011000011100001010110 01000001001010100101111110001010 01001001100010
11011111011010001010111101011010 01011010000011110011001101001101 01001111001001
01000010011111100000011111111010 00000100000101100010010100101011 00000110010011
00010100001100010001100101111100 01101001111100100100000010100000 00001011110100
01100101001011001100000000101100 10110011110101110001110110111000 00010100011100
10000000010100010111110001010111 11000000001000001111001010000000 00011000101100
11001111000010001101111010000101 10001100010101000000011000101001 00011111101111
11100101110010110001011010111111 01010010000000010100101101001111 00100111110001
00111100100010110100111111011101 01101010011001101000100011111001 00101010011001
10000011100111011001010000010001 01011010110000000111001000011100 00101100010010
00110101010110101101011011110111 00101100111111110110101110100000 00110010000010
10010011001000101000110101100010 00100111010110001111011001010110 00110110011001
00110110100100010011001001111101 00100111001100111001111010101100 00111010100001
01001010110011010111001000001011 11001010011010000011111001110101 01000000100100
11001110110000001111111100111011 00100110110100011011101101011001 01000100111111
10011011110101111000100001100000 01001000010001001101010000010110 01001010111011
10100010001011110001011010000111 11010111111011011000011010111110 01010001010101
10100010001000110011101000011011 00011110000001110101111100101011 01010100101010
11111101001100001011001111100111 00010000101011010111000111001111 00000111000100
11100011000011011000100011110000 01111100101001101100101001001010 00001110101100
10101010001001000011010010100101 01001000100110011001010001101101 00010100011011
00101010001000011100111001110001 11100100111111010101011010111101 00011101110101
11000110001111100110000011111100 00010111000010101011000010111001 00100011101011
01011100111000000111100111000011 10111111111000100011110010000111 00100111001001
01100100010111011001001010101110 00010110001100100110000100000110 00101100011011
10110100010101101101000010010011 00011110011101101110010011011011 00110000101101
10010100000011001010010111010100 00010111100101011100001010000011 00110110100001
01001010100101101001111101001101 00111000001111110110001101001110 00111001000111
00001101001001011101111001000010 11010101011001111100101001011010 00111101111101
00011011110011001010111101100000 10100100011111010011010111011010 01000101001001
11010010011001111010100100110011 00110110100100100111101111001000 01001011010011
11001000010101010111001111110101 11011111011110110111100101110100 01001110010111
11111101110001101111100011100011 11010101000010111001110000100011 01010110010110
10100100001100000000111110111100 01110001001000010011110100001000 01011010111010
00110101011011100000001010001100 10010001010110111001011100001000 00000110001000
00000011000111011000110101101001 01100011101011010101111001111111 00001010111101
11110010011100100100011010001010 01011100110010000010010110010100 00001111010100
00100100011110101111111011011111 00001010001110111010011001001110 00010100010110
00001001011111001011100010110110 11101110001001111000010010100011 00011010010111
00011110110111001111001011110000 11100000001010100010101100001111 00100110110011
11010100000111110101001010011101 00110011101011001111101010100100 00101110010000
10001101001001010010111000110101 00101110000010011110101101100100 00110011110111
10101110111010000100101100101100 10100110110001000001101011011010 00111000000010
10000000011111110100011100111001 10110111111011110000110101111010 00111100100100
11001110110101110100001100000001 11111011010001111001100111010101 01000100001011
01010010110011011100101110111101 10100111011100101000011111011111 01001000100001
01100000010110011011011000000011 11101111100111110111000011011111 01010000011000
00000101000001111001110011000101 00110001110011101111010000010001 01011000010111
11010000111011000101001000010111 11000101011111011000110010000111 01011100111011
01110110110001101100110101100001 01101101010011100101100010011001 01100001101001
01000100100110101010110101110110 01111100010110100001101010111101 00000101010010
11011100101011000111010000101101 10010011101011101111101000000010 00001001001110
11000100110010110110111001111110 10101010010111110100001101001100 00001100110001
11110110101111000001011010110110 10000111011110000111010100101011 00010011001110
00011100111000100111010001001101 11110110110110001111101111101001 00011011010101
00100011010000010101101000110101 01000001001110111100010010110101 00011111100011
11111010000000110000000111100110 01011000011011111010100110101001 00100111010110
01111110010011010100110110000110 00101100110111011110000100010111 00101110111011
10100100110100101001010010101001 10111101101110101111001010000100 00110001101111
01111011000010001010011101011111 10110000100111110001111101011100 00110111000110
10010010111001100010011000110001 01101001101100010101000101001100 00111001101010
11000001100010101111110000011000 01010010101110111010101110011010 00111111011101
01001001010110000001101111101101 11010001001000101101011101010011 01000111110001
00010001101010001010110110000100 01111100011100111010100011101011 01001011111101
10001011000000111001001010100001 10001010101001001110011100010101 01010010000000
00011110010110111111110001011000 10100001100010100110110110011111 01011000001000
11010101001100010000100010001001 10000011000111000001010100100101 00000011011000
01110010110101001110100110110101 00000100011100110000111101001110 00001011101000
10110010111111101000110111110101 01001110110101100010100101101111 00010001011110
11011011111111011111110011111101 01000001111101010100100010101111 00011000000010
10010111000001000010001011101000 01100000000111001000011100000001 00011110011101
00010000100100111010011110011001 00000111100100000100110010000101 00100000011000
10001011011001110111000000010010 01110100011100000001110100101110 00100010100111
10001001111010111011100001010010 10001100001010010001001011110011 00101010110011
11001010011110001010011011100100 11101100100011111001100010011011 00101101000011
01010101100111001101011010010001 00100010101101111111010111011000 00101111110111
10111110001111010101010101100010 01001100001111011110001101000110 00110100010011
11101101101011001011110001010010 11010111011101110100010100111111 00110111101000
00101100011011010001011110111101 00111010101001101101010101001010 00111101100000
10010000111011001110111101010010 10010001000111010010010010101010 01000101010011
10110110110011000110110011000011 00110110111100110000000100001000 01001100100000
11001110111001001000001001110011 10101000010100011100101011000110 01010001110100
00101101100000000110000111000110 01100111100101111100001000111001 00000100111111
10011101111001010100100010000011 10100010010101111101011000001100 00001011010111
10111010111100111110101111110100 11000111110101010110001100100111 00010001010111
11110001101011000011010101010101 10100100001011111100010001000101 00010111000000
10100100101000011000101111001001 01011100001111011110101101100101 00011100110000
11100000010010110111011001011101 01110010101000011000101001101101 00100000011000
00011011111101100000110111110101 01101010111101110000110001010101 00100100001001
10101011000110110010111001000000 10100010001101000001100101011110 00100101011110
10000111001100000000011100101110 00100100000111000010111101101010 00101000111001
01100000110001110010110100110010 01000110010101011100011010110011 00101111011111
10101101100111001001101110010011 00110010101010110010110010001011 00110011100000
11110100101001111110010111111010 11010100100001101110110001010100 00110111001110
01000111000110010000110100011100 11010011000101001011010111000000 00111110101011
01010010010010010101110001111101 00001010010111001110010100011011 01000011110001
10011101010110011011000000011010 01100011011110011100100101011000 01000110100010
01110001000011000001111000011101 00011001000011011001001001111101 01001011001111
01111111010111011100010010000000 01100100101100101110010100100110 00000011101011
11010010000010000010001111010010 01110110100000100100000010100100 00001000001100
01000010011110100100000000100000 11111101100001100011111110001001 00001100111101
01001111010100001001010011001111 11001111110111101011101111011100 00010001111111
01001000100101111001000110010110 10101000111100001011110001001110 00010110101011
01111010001111111001011011011010 00110101111110001101000111101011 00011011110101
00100000010101010110111001110010 01001111001110001110011011110010 00100000111001
11011111010010101110001111110011 11111101011100001011111110111010 00100011011010
11011110011101011011111111000011 11100100001101010010111000001101 00101001100111
10111110110101100100111100101001 00111100000101000001010010101001 00110001100110
00111000000101001010100011010010 00111111011101111000110101100011 00110101011010
01111100000111100001111011110001 01010100101000000100111001001110 00111011010111
01110111010100001001111000001101 00101011100001101001110101101101 00111110111010
01100000111001111110011110111001 00011000110111101010001100010101 01000011110011
00100001010001110011110111001001 11011100110110001011100011010100 01001011000101
10100101001101110101110011010101 00110000000111101110100001000011 01010001110001
11000111101000111100000001010011 10010010110011101111110000110100 00000010111011
10101010010111010101000110110111 00101111000111110000110101001101 00001000100010
10100110001011010000001001011110 10010011100100011001010100000110 00001110000100
01111011010110001010011100011000 10010000100010011101100111110100 00010011011000
11111000101010100111100111011100 11110110101001110100010100010001 00010111011100
01011100010110001100111100110011 10111100001001011011000000101100 00011010010101
00010011000101111110100000010000 01100001011111111011001011111010 00100001101011
10110111111111111000111100011011 10110001110101000101010101100111 00100100100010
01100010111000100011111000001010 00111110001011010000000100110100 00101001100010
01111001100011000011000110111010 00001101011000101001101001100101 00101110110110
01111010111101110010100001001111 10111111101000011100110001010111 00110011111101
11000000110100101110101100100000 10100100010101100101111001011010 00111001011100
01100011111100101000001111000111 10001111101111101010110101100000 00111101001101
01010010001000110100111101000001 00110100011001110010111001001111 00111111011110
10101101010010011011010011111101 11110101110010100111001001101001 01000101111101
11111010010011011001111110101100 11100001101101101101000011100010 01001001100110
01101101100010000011010010011101 11101010010001110011001010111000 00000011011011
01011111011111001001011101011011 11100101111111011010000000110010 00001000010100
01011100110111001110111010110111 00101010111000010100101110101010 00001011111011
11101010110101111100111011000101 00000101010101001100101100110100 00010011110111
10000101011101111001111000101001 01101110010101010110001011111101 00011001000000
00101011000100100101001101001000 01101000110100100101000001001000 00011101000000
11010101000000101010010001010111 11001000111100100001000111111010 00100101110011
10011100100010100111101110001111 10101100101110011101011010010010 00101000010000
10001011010000101011000001110000 11100000001101111000101101100001 00101010100100
10011001100111011101011110000011 00100110010110111100100011110010 00101111010111
11110010111000100100000000011011 11111000011010001010100111001101 00110101110010
10011101010010110101010000101110 10110101010101100100001000100001 00110110110100
01101111010101000111111111001100 01010101001010000110100110001110 00111001001110
01110001000001110011110011000110 11100011101110000011101001101110 00111111001011
01000101001110110101010100110100 10010011001100111010100100010100 01000010010101
01000101011011101110011010100111 10000110011001011100000000100101 01000110000111
